







SparkFun Displacement Sensor Example
waiting to start...

















































Characterizing Negative Y
5057.00,-5.68,-2.26,20
5109.00,-8.49,-3.35,20
5163.00,-8.49,-3.35,20
5215.00,-8.49,-3.35,20
5267.00,-8.49,-3.35,20
5319.00,-8.49,-3.35,20
5371.00,-8.49,-3.35,20
5424.00,-8.49,-3.35,20
5476.00,-8.49,-4.12,20
5528.00,-8.49,-4.12,20
5580.00,-8.49,-2.99,20
5633.00,-8.49,-2.99,20
5685.00,-8.49,-3.63,20
5737.00,-8.49,-3.63,20
5789.00,-8.49,-3.63,20
5841.00,-8.49,-3.63,20
5894.00,-8.49,-4.24,20
5946.00,-8.49,-4.24,20
5998.00,-7.87,-3.37,20
6050.00,-7.87,-3.37,20
6103.00,-7.87,-4.44,20
6155.00,-8.54,-4.99,20
6208.00,-8.54,-4.99,20
6260.00,-8.54,-4.42,20
6312.00,-8.54,-4.42,20
6365.00,-8.54,-4.42,20
6417.00,-8.54,-4.42,20
6469.00,-8.54,-4.42,20
6521.00,-8.54,-4.42,20
6574.00,-8.54,-5.17,20
6626.00,-8.54,-5.17,20
6678.00,-7.97,-4.29,20
6730.00,-7.97,-4.29,20
6782.00,-7.97,-5.05,20
6835.00,-7.97,-5.59,20
6887.00,-7.97,-5.59,20
6939.00,-7.97,-5.59,20
6991.00,-7.97,-5.59,20
7044.00,-7.97,-5.59,20
7096.00,-7.97,-4.85,20
7148.00,-7.97,-4.85,20


















































activating antagonistic y
2, 7.15
activating antagonistic y
2, 7.15

























































































































































































































































































































































































































































































































































































































































































































































































































































































































































































































































































































































































127305.00,-7.97,-4.02,21
127357.00,-7.97,-3.33,21
127410.00,-7.97,-3.33,21
127462.00,-7.97,-3.33,21
127514.00,-7.97,-3.33,21
127566.00,-7.97,-2.68,21
127620.00,-7.97,-2.68,21
127672.00,-7.97,-3.68,21
127724.00,-7.97,-4.24,21
127776.00,-7.97,-4.24,21
127828.00,-7.97,-3.09,21
127881.00,-7.97,-3.09,21
127933.00,-7.97,-4.19,21
127986.00,-7.97,-4.97,21
128038.00,-7.97,-4.97,21
128091.00,-7.97,-3.64,21
128143.00,-7.97,-3.64,21
128195.00,-7.97,-4.45,21
128247.00,-7.97,-5.06,21
128300.00,-7.97,-4.43,21
128352.00,-7.97,-3.39,21
128405.00,-7.97,-3.39,21
128457.00,-7.97,-4.40,21
128509.00,-7.97,-4.40,21
128562.00,-7.97,-4.40,21
128614.00,-7.97,-3.64,21
128666.00,-7.97,-3.64,21
128718.00,-7.97,-4.65,21
128772.00,-7.97,-4.65,21
128824.00,-7.97,-4.65,21
128876.00,-7.97,-4.65,21
128928.00,-7.97,-4.65,21
128980.00,-7.97,-4.65,21
129033.00,-7.97,-4.65,21
129085.00,-7.97,-4.65,21
129138.00,-7.97,-5.15,21
129190.00,-7.97,-5.15,21
129243.00,-7.97,-5.15,21
129295.00,-7.97,-5.85,21
129347.00,-7.97,-5.85,21
129399.00,-7.97,-5.85,21


















































activating antagonistic y
2, 6.69
activating antagonistic y
2, 7.43

























































































































































































































































































































































































































































































































































































































































































































































































































































































































































































































































































































































































249556.00,-7.97,-3.97,22
249609.00,-7.97,-3.29,22
249661.00,-7.97,-3.29,22
249713.00,-7.97,-3.29,22
249765.00,-7.97,-3.29,22
249818.00,-7.97,-2.44,22
249870.00,-7.97,-2.44,22
249923.00,-7.97,-3.38,22
249975.00,-7.97,-3.38,22
250028.00,-7.97,-3.38,22
250080.00,-7.97,-3.38,22
250132.00,-7.97,-3.38,22
250184.00,-7.97,-3.38,22
250236.00,-7.97,-3.38,22
250289.00,-7.97,-4.33,22
250341.00,-7.97,-4.87,22
250394.00,-7.97,-4.36,22
250446.00,-7.97,-3.44,22
250499.00,-7.97,-3.44,22
250551.00,-7.97,-4.37,22
250603.00,-7.97,-4.37,22
250655.00,-7.97,-4.37,22
250707.00,-7.97,-3.70,22
250760.00,-7.97,-3.70,22
250813.00,-7.97,-4.43,22
250865.00,-7.97,-4.43,22
250917.00,-7.97,-4.43,22
250970.00,-7.97,-4.43,22
251022.00,-7.97,-4.43,22
251074.00,-7.97,-4.43,22
251126.00,-7.97,-4.43,22
251179.00,-7.97,-5.30,22
251232.00,-7.97,-5.92,22
251284.00,-7.97,-5.92,22
251336.00,-7.97,-4.71,22
251388.00,-7.97,-4.71,22
251441.00,-7.97,-5.50,22
251493.00,-7.97,-6.10,22
251545.00,-7.97,-5.52,22
251597.00,-7.97,-4.51,22
251650.00,-7.97,-4.51,22


















































activating antagonistic y
2, 6.97
activating antagonistic y
2, 7.47
activating antagonistic y
2, 7.47
activating antagonistic y
2, 6.78
activating antagonistic y
2, 6.78
























































































































































































































































































































































































































































































































































































































































































































































































































































































































































































































































































































































































371961.00,-7.97,-3.86,23
372014.00,-7.97,-3.21,23
372066.00,-7.97,-3.21,23
372118.00,-7.97,-3.21,23
372170.00,-7.97,-3.21,23
372224.00,-7.97,-3.76,23
372276.00,-7.97,-3.76,23
372328.00,-7.97,-3.76,23
372380.00,-7.97,-3.00,23
372432.00,-7.97,-3.00,23
372485.00,-7.97,-3.74,23
372537.00,-7.97,-3.74,23
372589.00,-7.97,-3.74,23
372642.00,-7.97,-4.31,23
372695.00,-7.97,-4.31,23
372747.00,-7.97,-4.31,23
372799.00,-7.97,-4.31,23
372851.00,-7.97,-4.31,23
372903.00,-7.97,-4.93,23
372956.00,-7.97,-4.93,23
373008.00,-7.97,-4.93,23
373060.00,-7.97,-4.27,23
373113.00,-7.97,-4.27,23
373166.00,-7.97,-4.27,23
373218.00,-7.97,-5.12,23
373270.00,-7.97,-5.12,23
373322.00,-7.97,-5.12,23
373374.00,-7.97,-3.90,23
373427.00,-7.97,-3.90,23
373479.00,-7.97,-4.83,23
373532.00,-7.97,-4.83,23
373584.00,-7.97,-4.83,23
373637.00,-7.97,-4.83,23
373689.00,-7.97,-4.83,23
373741.00,-7.97,-4.83,23
373793.00,-7.97,-4.83,23
373846.00,-7.97,-5.47,23
373898.00,-7.97,-5.47,23
373951.00,-7.97,-5.47,23
374003.00,-7.97,-4.76,23
374055.00,-7.97,-4.76,23


















































activating antagonistic y
2, 6.68
activating antagonistic y
2, 7.39
























































































































































































































































































































































































































































































































































































































































































































































































































































































































































































































































































































































































494212.00,-7.97,-3.93,24
494264.00,-7.97,-3.38,24
494316.00,-7.97,-3.38,24
494369.00,-7.97,-3.38,24
494422.00,-7.97,-3.38,24
494474.00,-7.97,-3.38,24
494526.00,-7.97,-3.38,24
494578.00,-7.97,-3.38,24
494630.00,-7.97,-4.12,24
494683.00,-7.97,-4.12,24
494735.00,-7.97,-2.96,24
494788.00,-7.97,-2.96,24
494840.00,-7.97,-2.96,24
494893.00,-7.97,-3.78,24
494945.00,-7.97,-3.78,24
494997.00,-7.97,-4.48,24
495049.00,-7.97,-4.48,24
495101.00,-7.97,-3.72,24
495154.00,-7.97,-3.72,24
495206.00,-7.97,-3.72,24
495259.00,-7.97,-3.72,24
495311.00,-7.97,-4.91,24
495364.00,-7.97,-5.46,24
495416.00,-7.97,-5.46,24
495468.00,-7.97,-4.40,24
495520.00,-7.97,-4.40,24
495572.00,-7.97,-4.40,24
495625.00,-7.97,-4.40,24
495677.00,-7.97,-5.20,24
495730.00,-7.97,-5.92,24
495782.00,-7.97,-5.92,24
495835.00,-7.97,-5.03,24
495887.00,-7.97,-5.03,24
495939.00,-7.97,-5.03,24
495991.00,-7.97,-5.03,24
496044.00,-7.97,-5.87,24
496096.00,-7.97,-5.87,24
496148.00,-7.97,-5.87,24
496201.00,-7.97,-5.87,24
496253.00,-7.97,-5.87,24
496306.00,-7.97,-5.87,24


















































activating antagonistic y
2, 6.13
activating antagonistic y
2, 6.99
























































































































































































































































































































































































































































































































































































































































































































































































































































































































































































































































































































































































616462.00,-7.97,-4.37,25
616514.00,-7.97,-3.32,25
616566.00,-7.97,-3.32,25
616620.00,-7.97,-3.32,25
616672.00,-7.97,-3.32,25
616724.00,-7.97,-2.77,25
616776.00,-7.97,-2.77,25
616828.00,-7.97,-2.77,25
616881.00,-7.97,-2.77,25
616933.00,-7.97,-3.83,25
616985.00,-7.97,-3.83,25
617038.00,-7.97,-3.83,25
617091.00,-7.97,-3.83,25
617143.00,-7.97,-3.83,25
617195.00,-7.97,-3.83,25
617247.00,-7.97,-3.83,25
617299.00,-7.97,-3.83,25
617352.00,-7.97,-4.60,25
617404.00,-7.97,-4.60,25
617456.00,-7.97,-5.37,25
617509.00,-7.97,-5.37,25
617562.00,-7.97,-4.59,25
617614.00,-7.97,-4.59,25
617666.00,-7.97,-4.59,25
617718.00,-7.97,-5.34,25
617771.00,-7.97,-5.34,25
617823.00,-7.97,-5.99,25
617875.00,-7.97,-5.99,25
617928.00,-7.97,-5.99,25
617980.00,-7.97,-5.99,25
618033.00,-7.97,-5.99,25
618085.00,-7.97,-5.99,25
618137.00,-7.97,-5.99,25
618189.00,-7.97,-6.54,25
618242.00,-7.97,-6.54,25
618294.00,-7.97,-5.39,25
618347.00,-7.97,-5.39,25
618399.00,-7.97,-5.91,25
618451.00,-7.97,-5.91,25
618504.00,-7.97,-6.54,25
618556.00,-7.97,-6.54,25


















































activating antagonistic y
2, 5.46
activating antagonistic y
2, 7.05
























































































































































































































































































































































































































































































































































































































































































































































































































































































































































































































































































































































































738712.00,-7.97,-4.22,26
738765.00,-7.97,-3.42,26
738818.00,-7.97,-3.42,26
738870.00,-7.97,-3.42,26
738922.00,-7.97,-3.42,26
738974.00,-7.97,-2.62,26
739026.00,-7.97,-2.62,26
739079.00,-7.97,-2.62,26
739131.00,-7.97,-2.62,26
739184.00,-7.97,-3.91,26
739236.00,-7.97,-4.46,26
739289.00,-7.97,-4.46,26
739341.00,-7.97,-4.46,26
739393.00,-7.97,-4.46,26
739445.00,-7.97,-3.95,26
739497.00,-7.97,-3.95,26
739550.00,-7.97,-3.95,26
739602.00,-7.97,-4.49,26
739655.00,-7.97,-4.49,26
739707.00,-7.97,-5.04,26
739760.00,-7.97,-5.04,26
739812.00,-7.97,-5.04,26
739864.00,-7.97,-4.51,26
739916.00,-7.97,-4.51,26
739969.00,-7.97,-4.51,26
740021.00,-7.97,-5.31,26
740074.00,-7.97,-5.31,26
740126.00,-7.97,-5.82,26
740178.00,-7.97,-5.82,26
740231.00,-7.97,-5.82,26
740283.00,-7.97,-5.82,26
740335.00,-7.97,-5.82,26
740387.00,-7.97,-5.82,26
740440.00,-7.97,-5.82,26
740493.00,-7.97,-6.49,26
740545.00,-7.97,-6.49,26
740597.00,-7.97,-6.49,26
740649.00,-7.97,-7.14,26
740702.00,-7.97,-7.14,26
740754.00,-7.97,-6.44,26
740806.00,-7.97,-6.44,26


















































activating antagonistic y
2, 6.39
























































































































































































































































































































































































































































































































































































































































































































































































































































































































































































































































































































































































860911.00,-7.97,-3.66,27
860963.00,-7.97,-3.66,27
861016.00,-7.97,-3.04,27
861069.00,-8.49,-3.04,27
861121.00,-8.49,-3.63,27
861173.00,-8.49,-3.63,27
861225.00,-8.49,-3.63,27
861278.00,-8.49,-3.63,27
861330.00,-8.49,-2.90,27
861382.00,-7.96,-2.90,27
861434.00,-7.96,-2.90,27
861488.00,-7.96,-2.90,27
861540.00,-7.96,-3.70,27
861592.00,-7.96,-3.70,27
861644.00,-7.96,-4.50,27
861697.00,-7.96,-4.50,27
861749.00,-8.50,-4.50,27
861801.00,-8.50,-5.11,27
861853.00,-8.50,-5.11,27
861905.00,-8.50,-5.11,27
861959.00,-8.50,-5.11,27
862011.00,-8.50,-4.46,27
862063.00,-8.50,-4.46,27
862115.00,-8.50,-5.35,27
862168.00,-8.50,-5.35,27
862220.00,-8.50,-5.35,27
862272.00,-8.50,-6.31,27
862324.00,-8.50,-6.31,27
862377.00,-8.50,-6.31,27
862430.00,-8.50,-6.31,27
862482.00,-7.98,-6.31,27
862534.00,-7.98,-5.80,27
862586.00,-7.98,-5.80,27
862639.00,-7.98,-5.80,27
862691.00,-7.98,-6.53,27
862743.00,-7.98,-6.53,27
862796.00,-7.98,-6.53,27
862849.00,-7.98,-7.15,27
862901.00,-7.98,-7.15,27
862953.00,-7.98,-7.15,27
863005.00,-7.98,-7.15,27


















































activating antagonistic y
2, 5.42
activating antagonistic y
2, 6.94
























































































































































































































































































































































































































































































































































































































































































































































































































































































































































































































































































































































































983161.00,-7.98,-4.29,28
983215.00,-7.98,-3.56,28
983267.00,-7.98,-3.56,28
983319.00,-8.50,-3.56,28
983371.00,-8.50,-3.56,28
983424.00,-8.50,-3.56,28
983476.00,-8.50,-3.56,28
983528.00,-7.90,-2.55,28
983580.00,-7.90,-2.55,28
983632.00,-7.90,-2.55,28
983686.00,-7.90,-3.45,28
983738.00,-8.53,-4.18,28
983790.00,-8.53,-4.18,28
983842.00,-8.53,-4.81,28
983895.00,-8.53,-4.81,28
983947.00,-8.53,-4.81,28
983999.00,-8.53,-4.81,28
984051.00,-8.53,-4.81,28
984104.00,-8.53,-4.17,28
984157.00,-8.53,-4.17,28
984209.00,-8.53,-4.89,28
984261.00,-8.53,-4.89,28
984313.00,-8.53,-4.89,28
984366.00,-8.53,-5.53,28
984418.00,-8.53,-5.53,28
984470.00,-8.53,-5.53,28
984522.00,-7.93,-5.53,28
984576.00,-7.93,-5.53,28
984628.00,-7.93,-5.53,28
984680.00,-7.93,-5.53,28
984732.00,-7.93,-5.53,28
984784.00,-7.93,-6.43,28
984837.00,-7.93,-6.43,28
984889.00,-7.93,-7.07,28
984941.00,-7.93,-7.07,28
984993.00,-7.93,-7.07,28
985047.00,-7.93,-7.07,28
985099.00,-7.93,-6.49,28
985151.00,-7.93,-6.49,28
985203.00,-7.93,-6.49,28
985255.00,-7.93,-7.32,28


















































activating antagonistic y
2, 4.68
activating antagonistic y
2, 6.45
























































































































































































































































































































































































































































































































































































































































































































































































































































































































































































































































































































































































1105412.00,-8.45,-3.12,29
1105465.00,-8.45,-2.33,29
1105517.00,-7.90,-2.33,29
1105569.00,-7.90,-2.33,29
1105622.00,-7.90,-2.85,29
1105674.00,-8.44,-2.85,29
1105726.00,-8.44,-3.63,29
1105779.00,-8.44,-3.63,29
1105831.00,-8.44,-3.63,29
1105884.00,-8.44,-3.63,29
1105936.00,-7.80,-3.63,29
1105988.00,-7.80,-3.02,29
1106040.00,-7.80,-3.02,29
1106094.00,-7.80,-3.90,29
1106146.00,-7.80,-3.90,29
1106198.00,-7.80,-3.90,29
1106250.00,-7.80,-4.67,29
1106302.00,-7.80,-4.67,29
1106355.00,-7.80,-4.67,29
1106407.00,-7.80,-4.67,29
1106460.00,-7.80,-4.67,29
1106512.00,-7.80,-4.67,29
1106565.00,-7.80,-4.67,29
1106617.00,-7.80,-4.67,29
1106669.00,-7.80,-5.58,29
1106721.00,-7.80,-5.58,29
1106775.00,-7.80,-6.28,29
1106827.00,-7.80,-6.28,29
1106879.00,-7.80,-6.28,29
1106931.00,-7.80,-5.67,29
1106983.00,-7.80,-5.67,29
1107036.00,-7.80,-5.67,29
1107088.00,-7.80,-5.67,29
1107141.00,-7.80,-6.48,29
1107193.00,-7.80,-6.48,29
1107246.00,-7.80,-7.20,29
1107298.00,-7.80,-7.81,29
1107350.00,-7.80,-7.81,29
1107402.00,-7.80,-7.81,29
1107456.00,-7.80,-7.81,29
1107508.00,-7.80,-6.99,29


















































activating antagonistic y
2, 5.01
activating antagonistic y
2, 6.49

























































































































































































































































































































































































































































































































































































































































































































































































































































































































































































































































































































































































1227664.00,-7.80,-2.84,30
1227716.00,-7.80,-2.84,30
1227768.00,-7.80,-2.26,30
1227822.00,-7.80,-2.26,30
1227874.00,-7.80,-2.26,30
1227926.00,-7.80,-2.26,30
1227978.00,-7.80,-2.26,30
1228030.00,-7.80,-3.28,30
1228083.00,-7.80,-3.28,30
1228136.00,-8.35,-3.28,30
1228188.00,-8.35,-3.99,30
1228240.00,-8.35,-3.99,30
1228293.00,-8.35,-3.99,30
1228345.00,-8.35,-3.99,30
1228397.00,-7.83,-3.99,30
1228450.00,-7.83,-3.99,30
1228503.00,-7.83,-3.99,30
1228555.00,-7.83,-3.99,30
1228607.00,-7.83,-3.99,30
1228659.00,-7.83,-4.55,30
1228711.00,-7.83,-4.55,30
1228764.00,-7.83,-5.17,30
1228817.00,-8.37,-5.17,30
1228869.00,-8.37,-5.17,30
1228921.00,-8.37,-5.91,30
1228974.00,-8.37,-5.91,30
1229026.00,-8.37,-5.91,30
1229078.00,-8.37,-5.91,30
1229131.00,-8.37,-5.91,30
1229184.00,-7.82,-5.27,30
1229236.00,-7.82,-5.27,30
1229288.00,-7.82,-5.77,30
1229340.00,-7.82,-5.77,30
1229392.00,-7.82,-6.70,30
1229446.00,-7.82,-6.70,30
1229498.00,-7.82,-7.44,30
1229550.00,-7.82,-7.95,30
1229602.00,-7.82,-7.95,30
1229655.00,-7.82,-8.53,30
1229707.00,-7.82,-8.53,30
1229760.00,-7.82,-8.53,30


















































activating antagonistic y
2, 4.27
activating antagonistic y
2, 6.31























































































































































































































































































































































































































































































































































































































































































































































































































































































































































































































































































































































































1349916.00,-8.46,-3.77,31
1349968.00,-8.46,-3.22,31
1350021.00,-8.46,-3.22,31
1350074.00,-7.83,-3.22,31
1350126.00,-7.83,-2.54,31
1350178.00,-7.83,-2.54,31
1350231.00,-7.83,-2.54,31
1350283.00,-8.39,-3.14,31
1350335.00,-8.39,-3.14,31
1350388.00,-8.39,-3.14,31
1350440.00,-8.39,-3.65,31
1350493.00,-8.39,-3.65,31
1350545.00,-8.39,-3.65,31
1350597.00,-7.83,-3.65,31
1350649.00,-7.83,-3.65,31
1350703.00,-7.83,-3.65,31
1350755.00,-7.83,-3.65,31
1350807.00,-7.83,-3.65,31
1350859.00,-7.83,-4.55,31
1350912.00,-7.83,-5.15,31
1350964.00,-7.83,-5.15,31
1351016.00,-7.83,-5.15,31
1351069.00,-7.83,-5.70,31
1351121.00,-7.83,-5.70,31
1351174.00,-7.83,-4.68,31
1351226.00,-7.83,-4.68,31
1351278.00,-7.83,-5.28,31
1351330.00,-7.83,-5.28,31
1351384.00,-7.83,-6.07,31
1351436.00,-7.83,-6.07,31
1351488.00,-7.83,-6.65,31
1351540.00,-7.83,-6.65,31
1351592.00,-7.83,-6.65,31
1351645.00,-7.83,-6.65,31
1351698.00,-7.83,-6.65,31
1351750.00,-7.83,-6.65,31
1351802.00,-7.83,-7.32,31
1351855.00,-7.83,-7.94,31
1351907.00,-7.83,-7.94,31
1351959.00,-7.83,-7.94,31
1352012.00,-7.83,-8.76,31

















































activating antagonistic y
2, 3.95
activating antagonistic y
2, 6.16
























































































































































































































































































































































































































































































































































































































































































































































































































































































































































































































































































































































































1472168.00,-7.83,-3.56,32
1472221.00,-8.37,-2.80,32
1472273.00,-8.37,-2.20,32
1472325.00,-8.37,-2.20,32
1472378.00,-8.37,-2.20,32
1472431.00,-8.37,-2.20,32
1472483.00,-8.37,-2.20,32
1472535.00,-8.37,-2.20,32
1472587.00,-8.37,-2.98,32
1472640.00,-8.37,-3.49,32
1472693.00,-8.37,-3.49,32
1472745.00,-8.37,-4.15,32
1472797.00,-8.37,-4.15,32
1472849.00,-8.37,-4.15,32
1472902.00,-8.37,-3.00,32
1472954.00,-8.37,-3.00,32
1473007.00,-8.37,-3.55,32
1473059.00,-8.37,-3.55,32
1473112.00,-8.37,-4.60,32
1473164.00,-8.37,-5.21,32
1473216.00,-8.37,-5.21,32
1473268.00,-8.37,-5.81,32
1473321.00,-8.37,-5.81,32
1473374.00,-8.37,-5.81,32
1473426.00,-7.78,-5.30,32
1473478.00,-7.78,-5.30,32
1473530.00,-7.78,-5.30,32
1473583.00,-7.78,-5.30,32
1473636.00,-7.78,-6.07,32
1473688.00,-8.30,-6.07,32
1473740.00,-8.30,-6.76,32
1473793.00,-8.30,-6.76,32
1473845.00,-8.30,-7.59,32
1473897.00,-8.30,-7.59,32
1473949.00,-8.30,-7.59,32
1474002.00,-8.30,-7.59,32
1474055.00,-7.70,-7.59,32
1474107.00,-7.70,-7.59,32
1474159.00,-7.70,-8.29,32
1474211.00,-7.70,-8.29,32
1474264.00,-8.30,-9.08,32

















































activating antagonistic y
2, 3.52
activating antagonistic y
2, 5.82

























































































































































































































































































































































































































































































































































































































































































































































































































































































































































































































































































































































































1594421.00,-8.30,-3.57,33
1594473.00,-8.30,-2.96,33
1594525.00,-8.30,-2.96,33
1594577.00,-8.30,-2.96,33
1594631.00,-8.30,-2.96,33
1594683.00,-8.30,-2.96,33
1594735.00,-8.30,-2.23,33
1594787.00,-8.30,-2.23,33
1594840.00,-8.30,-3.02,33
1594892.00,-8.30,-3.02,33
1594944.00,-8.30,-3.02,33
1594997.00,-8.30,-3.61,33
1595049.00,-8.30,-3.61,33
1595102.00,-8.30,-4.13,33
1595154.00,-8.30,-4.13,33
1595206.00,-7.67,-4.13,33
1595258.00,-7.67,-3.57,33
1595312.00,-7.67,-3.57,33
1595364.00,-7.67,-3.57,33
1595416.00,-7.67,-4.72,33
1595468.00,-7.67,-4.72,33
1595521.00,-7.67,-5.40,33
1595573.00,-7.67,-5.40,33
1595626.00,-7.67,-5.40,33
1595678.00,-7.67,-5.40,33
1595730.00,-7.67,-5.40,33
1595783.00,-7.67,-5.40,33
1595835.00,-7.67,-5.40,33
1595887.00,-7.67,-5.40,33
1595940.00,-7.67,-6.04,33
1595993.00,-7.67,-6.79,33
1596045.00,-7.67,-7.31,33
1596097.00,-7.67,-7.31,33
1596149.00,-8.26,-8.18,33
1596201.00,-8.26,-8.18,33
1596254.00,-8.26,-8.69,33
1596307.00,-8.26,-8.69,33
1596359.00,-7.67,-8.08,33
1596411.00,-7.67,-8.08,33
1596464.00,-7.67,-8.08,33
1596516.00,-7.67,-8.83,33


















































activating antagonistic y
2, 3.78
activating antagonistic y
2, 5.77

























































































































































































































































































































































































































































































































































































































































































































































































































































































































































































































































































































































































1716673.00,-7.67,-3.29,34
1716725.00,-7.67,-2.42,34
1716777.00,-7.67,-1.82,34
1716830.00,-7.67,-1.82,34
1716882.00,-7.67,-1.82,34
1716934.00,-8.30,-2.98,34
1716987.00,-8.30,-2.98,34
1717040.00,-8.30,-3.51,34
1717092.00,-8.30,-3.51,34
1717144.00,-8.30,-3.51,34
1717196.00,-8.30,-3.51,34
1717249.00,-8.30,-3.51,34
1717302.00,-8.30,-2.92,34
1717354.00,-8.30,-2.92,34
1717406.00,-8.30,-3.63,34
1717458.00,-8.30,-4.25,34
1717511.00,-8.30,-4.95,34
1717563.00,-8.30,-4.95,34
1717616.00,-8.30,-5.55,34
1717668.00,-8.30,-5.55,34
1717721.00,-8.30,-5.55,34
1717773.00,-7.70,-5.01,34
1717825.00,-7.70,-5.01,34
1717877.00,-7.70,-5.01,34
1717931.00,-7.70,-5.01,34
1717983.00,-7.70,-5.74,34
1718035.00,-7.70,-5.74,34
1718087.00,-7.70,-7.00,34
1718139.00,-7.70,-7.81,34
1718192.00,-7.70,-7.81,34
1718244.00,-7.70,-7.81,34
1718297.00,-7.70,-7.81,34
1718349.00,-7.70,-7.81,34
1718402.00,-7.70,-7.81,34
1718454.00,-7.70,-7.81,34
1718506.00,-7.70,-8.68,34
1718558.00,-7.70,-9.39,34
1718611.00,-7.70,-9.90,34
1718664.00,-7.70,-10.64,34
1718716.00,-7.70,-11.50,34
1718768.00,-7.70,-11.50,34


















































activating antagonistic y
2, 1.05
activating antagonistic y
2, 4.05
activating antagonistic y
2, 6.42
activating antagonistic y
2, 6.42
activating antagonistic y
2, 6.42
activating antagonistic y
2, 6.42
activating antagonistic y
2, 6.94
activating antagonistic y
2, 6.94
activating antagonistic y
2, 6.94
activating antagonistic y
2, 6.94
activating antagonistic y
2, 6.94
activating antagonistic y
2, 6.94
activating antagonistic y
2, 6.94

























































































































































































































































































































































































































































































































































































































































































































































































































































































































































































































































































































































































1839493.00,-7.72,-4.47,35
1839545.00,-7.72,-2.86,35
1839597.00,-8.30,-2.10,35
1839649.00,-8.30,-2.10,35
1839703.00,-8.30,-3.23,35
1839755.00,-8.30,-3.76,35
1839807.00,-8.30,-3.76,35
1839859.00,-8.30,-3.76,35
1839911.00,-8.30,-3.76,35
1839964.00,-8.30,-3.76,35
1840017.00,-8.30,-3.76,35
1840069.00,-8.30,-3.76,35
1840121.00,-8.30,-4.44,35
1840174.00,-8.30,-4.44,35
1840226.00,-8.30,-5.29,35
1840278.00,-8.30,-5.29,35
1840331.00,-8.30,-4.38,35
1840384.00,-8.30,-4.38,35
1840436.00,-8.30,-4.38,35
1840488.00,-8.30,-5.11,35
1840540.00,-8.30,-5.72,35
1840592.00,-8.30,-5.72,35
1840646.00,-8.30,-6.47,35
1840698.00,-8.30,-6.47,35
1840750.00,-8.30,-6.47,35
1840802.00,-7.67,-6.47,35
1840855.00,-7.67,-6.47,35
1840907.00,-7.67,-6.47,35
1840959.00,-7.67,-7.19,35
1841012.00,-7.67,-8.17,35
1841064.00,-7.67,-8.70,35
1841117.00,-7.67,-8.70,35
1841169.00,-7.67,-9.64,35
1841221.00,-7.67,-9.64,35
1841273.00,-7.67,-8.98,35
1841327.00,-7.67,-8.98,35
1841379.00,-7.67,-9.60,35
1841431.00,-7.67,-10.34,35
1841483.00,-7.67,-11.36,35
1841536.00,-7.67,-12.26,35
1841589.00,-7.67,-12.93,35


















































activating antagonistic y
2, -0.07
activating antagonistic y
2, 3.21
activating antagonistic y
2, 5.93
activating antagonistic y
2, 5.93
activating antagonistic y
2, 5.22
activating antagonistic y
2, 5.22
activating antagonistic y
2, 6.22
activating antagonistic y
2, 6.22
activating antagonistic y
2, 6.22
activating antagonistic y
2, 6.22
activating antagonistic y
2, 6.22
activating antagonistic y
2, 6.22
activating antagonistic y
2, 6.93
activating antagonistic y
2, 6.93
activating antagonistic y
2, 6.93






















































































































































































































































































































































































































































































































































































































































































































































































































































































































































































































































































































































































1962416.00,-8.18,-3.30,36
1962468.00,-8.18,-2.70,36
1962520.00,-8.18,-2.70,36
1962573.00,-8.18,-2.70,36
1962626.00,-8.18,-2.70,36
1962678.00,-8.18,-2.70,36
1962730.00,-8.18,-3.30,36
1962782.00,-8.18,-3.87,36
1962834.00,-8.18,-4.47,36
1962888.00,-8.18,-4.47,36
1962940.00,-8.18,-4.47,36
1962992.00,-8.18,-4.47,36
1963044.00,-8.18,-3.65,36
1963097.00,-8.18,-3.65,36
1963149.00,-8.18,-4.97,36
1963202.00,-8.18,-5.53,36
1963254.00,-8.18,-5.53,36
1963307.00,-8.18,-6.14,36
1963359.00,-8.18,-6.14,36
1963411.00,-7.54,-4.99,36
1963463.00,-7.54,-4.99,36
1963516.00,-7.54,-5.74,36
1963569.00,-8.21,-6.29,36
1963621.00,-8.21,-6.87,36
1963673.00,-8.21,-6.87,36
1963725.00,-8.21,-7.58,36
1963778.00,-8.21,-7.58,36
1963831.00,-8.21,-7.58,36
1963883.00,-7.62,-7.58,36
1963935.00,-7.62,-7.58,36
1963987.00,-7.62,-8.32,36
1964040.00,-7.62,-9.12,36
1964092.00,-7.62,-10.08,36
1964145.00,-7.62,-10.88,36
1964197.00,-7.62,-10.88,36
1964250.00,-7.62,-10.88,36
1964302.00,-7.62,-10.88,36
1964354.00,-7.62,-10.88,36
1964407.00,-7.62,-11.74,36
1964460.00,-7.62,-12.64,36
1964512.00,-7.62,-13.46,36

















































activating antagonistic y
2, -0.54
activating antagonistic y
2, 2.86
activating antagonistic y
2, 5.44
activating antagonistic y
2, 5.44
activating antagonistic y
2, 5.44
activating antagonistic y
2, 6.45
activating antagonistic y
2, 6.45
activating antagonistic y
2, 5.81
activating antagonistic y
2, 5.81
activating antagonistic y
2, 5.81
activating antagonistic y
2, 5.81
activating antagonistic y
2, 5.81
activating antagonistic y
2, 6.33
activating antagonistic y
2, 6.33
activating antagonistic y
2, 6.33
activating antagonistic y
2, 6.33
activating antagonistic y
2, 6.33
activating antagonistic y
2, 6.33
activating antagonistic y
2, 7.15
activating antagonistic y
2, 7.15
activating antagonistic y
2, 7.15
activating antagonistic y
2, 7.15
























































































































































































































































































































































































































































































































































































































































































































































































































































































































































































































































































































































































2085700.00,-7.52,-4.09,37
2085753.00,-8.04,-3.32,37
2085806.00,-8.04,-3.32,37
2085858.00,-8.04,-3.32,37
2085910.00,-8.04,-2.76,37
2085962.00,-8.04,-2.76,37
2086014.00,-8.04,-2.76,37
2086068.00,-8.04,-2.76,37
2086120.00,-8.04,-3.84,37
2086172.00,-8.04,-4.61,37
2086224.00,-8.04,-5.13,37
2086277.00,-8.04,-5.13,37
2086329.00,-8.04,-5.13,37
2086382.00,-8.04,-5.13,37
2086434.00,-8.04,-4.41,37
2086487.00,-8.04,-4.41,37
2086539.00,-8.04,-5.35,37
2086591.00,-8.04,-5.35,37
2086643.00,-8.04,-6.28,37
2086695.00,-8.04,-6.28,37
2086749.00,-8.04,-6.28,37
2086801.00,-8.04,-6.86,37
2086853.00,-7.53,-6.86,37
2086905.00,-7.53,-6.86,37
2086958.00,-7.53,-6.86,37
2087010.00,-7.53,-6.86,37
2087063.00,-7.53,-7.73,37
2087115.00,-8.15,-8.59,37
2087168.00,-8.15,-9.09,37
2087220.00,-8.15,-9.67,37
2087272.00,-8.15,-10.34,37
2087324.00,-8.15,-10.34,37
2087377.00,-7.34,-10.34,37
2087430.00,-7.34,-10.34,37
2087482.00,-7.34,-10.34,37
2087534.00,-7.34,-11.04,37
2087586.00,-7.34,-12.10,37
2087640.00,-7.34,-13.22,37
2087692.00,-7.34,-14.15,37
2087744.00,-7.34,-14.91,37
2087796.00,-7.34,-15.41,37


















































activating antagonistic y
2, -2.02
activating antagonistic y
2, 1.90
activating antagonistic y
2, 4.93
activating antagonistic y
2, 4.93
activating antagonistic y
2, 4.93
activating antagonistic y
2, 4.93
activating antagonistic y
2, 6.08
activating antagonistic y
2, 6.08
activating antagonistic y
2, 5.53
activating antagonistic y
2, 5.53
activating antagonistic y
2, 5.53
activating antagonistic y
2, 5.53
activating antagonistic y
2, 5.53
activating antagonistic y
2, 6.35
activating antagonistic y
2, 6.35
activating antagonistic y
2, 6.35
activating antagonistic y
2, 6.35
activating antagonistic y
2, 6.35
activating antagonistic y
2, 6.35
activating antagonistic y
2, 6.35
activating antagonistic y
2, 7.01
activating antagonistic y
2, 7.01
activating antagonistic y
2, 7.01























































































































































































































































































































































































































































































































































































































































































































































































































































































































































































































































































































































































2209037.00,-7.87,-4.12,38
2209089.00,-7.87,-3.31,38
2209141.00,-7.87,-2.58,38
2209195.00,-7.87,-2.58,38
2209247.00,-7.87,-3.49,38
2209299.00,-7.87,-3.99,38
2209351.00,-7.87,-3.99,38
2209403.00,-7.87,-4.82,38
2209456.00,-7.87,-4.82,38
2209509.00,-7.87,-4.82,38
2209561.00,-7.87,-4.82,38
2209613.00,-7.87,-4.26,38
2209666.00,-7.87,-4.26,38
2209718.00,-7.87,-5.19,38
2209770.00,-7.87,-5.19,38
2209823.00,-7.87,-6.18,38
2209875.00,-7.87,-6.71,38
2209928.00,-7.87,-6.71,38
2209980.00,-7.87,-6.71,38
2210032.00,-7.87,-6.14,38
2210084.00,-7.87,-6.14,38
2210137.00,-7.87,-6.79,38
2210190.00,-7.87,-7.79,38
2210242.00,-7.87,-8.42,38
2210294.00,-7.87,-8.42,38
2210347.00,-7.87,-9.32,38
2210399.00,-7.87,-9.32,38
2210451.00,-7.87,-9.32,38
2210504.00,-7.87,-9.32,38
2210556.00,-7.87,-9.32,38
2210609.00,-7.87,-10.11,38
2210661.00,-7.87,-10.92,38
2210713.00,-7.87,-11.70,38
2210766.00,-7.87,-12.68,38
2210819.00,-7.87,-13.61,38
2210871.00,-7.87,-13.61,38
2210923.00,-7.31,-13.61,38
2210975.00,-7.31,-14.41,38
2211028.00,-7.31,-14.96,38
2211081.00,-7.31,-16.23,38
2211133.00,-7.31,-17.81,38


















































activating antagonistic y
2, -4.86
activating antagonistic y
2, -0.30
activating antagonistic y
2, 3.33
activating antagonistic y
2, 3.33
activating antagonistic y
2, 3.33
activating antagonistic y
2, 3.33
activating antagonistic y
2, 3.33
activating antagonistic y
2, 3.97
activating antagonistic y
2, 3.97
activating antagonistic y
2, 4.70
activating antagonistic y
2, 5.55
activating antagonistic y
2, 5.55
activating antagonistic y
2, 4.85
activating antagonistic y
2, 4.85
activating antagonistic y
2, 4.85
activating antagonistic y
2, 4.85
activating antagonistic y
2, 5.55
activating antagonistic y
2, 5.55
activating antagonistic y
2, 5.55
activating antagonistic y
2, 5.55
activating antagonistic y
2, 5.55
activating antagonistic y
2, 5.55
activating antagonistic y
2, 5.55
activating antagonistic y
2, 6.43
activating antagonistic y
2, 6.43
activating antagonistic y
2, 6.43
activating antagonistic y
2, 6.43
activating antagonistic y
2, 7.10
activating antagonistic y
2, 7.10
activating antagonistic y
2, 7.10
activating antagonistic y
2, 7.10
activating antagonistic y
2, 7.10
























































































































































































































































































































































































































































































































































































































































































































































































































































































































































































































































































































































































2332837.00,-7.84,-3.33,39
2332890.00,-7.84,-3.33,39
2332943.00,-7.84,-3.33,39
2332995.00,-7.84,-3.33,39
2333047.00,-7.84,-3.33,39
2333100.00,-7.84,-3.97,39
2333152.00,-7.84,-3.97,39
2333204.00,-7.84,-3.97,39
2333257.00,-7.84,-3.97,39
2333309.00,-7.84,-3.97,39
2333362.00,-7.84,-4.51,39
2333414.00,-7.84,-5.35,39
2333466.00,-7.84,-5.35,39
2333518.00,-7.84,-6.07,39
2333572.00,-7.84,-6.07,39
2333624.00,-7.84,-6.07,39
2333676.00,-7.84,-6.07,39
2333728.00,-7.84,-6.07,39
2333780.00,-7.84,-6.07,39
2333833.00,-7.84,-6.07,39
2333885.00,-7.84,-7.09,39
2333938.00,-7.84,-7.62,39
2333990.00,-7.84,-8.29,39
2334043.00,-7.84,-8.91,39
2334095.00,-7.84,-8.91,39
2334147.00,-7.84,-8.91,39
2334199.00,-7.84,-8.91,39
2334253.00,-7.28,-8.91,39
2334305.00,-7.28,-9.65,39
2334357.00,-7.28,-10.86,39
2334409.00,-7.28,-11.73,39
2334461.00,-7.28,-12.40,39
2334515.00,-7.28,-13.04,39
2334567.00,-7.28,-13.04,39
2334619.00,-7.28,-13.04,39
2334671.00,-7.28,-13.62,39
2334724.00,-7.28,-14.81,39
2334777.00,-7.28,-15.92,39
2334829.00,-7.28,-17.17,39
2334881.00,-7.28,-18.42,39
2334934.00,-7.28,-19.15,39

















































activating antagonistic y
2, -5.27
activating antagonistic y
2, -0.25
activating antagonistic y
2, 3.41
activating antagonistic y
2, 3.41
activating antagonistic y
2, 3.41
activating antagonistic y
2, 3.41
activating antagonistic y
2, 3.41
activating antagonistic y
2, 3.41
activating antagonistic y
2, 3.41
activating antagonistic y
2, 4.03
activating antagonistic y
2, 4.03
activating antagonistic y
2, 4.03
activating antagonistic y
2, 4.54
activating antagonistic y
2, 5.39
activating antagonistic y
2, 5.39
activating antagonistic y
2, 5.39
activating antagonistic y
2, 5.39
activating antagonistic y
2, 5.39
activating antagonistic y
2, 4.87
activating antagonistic y
2, 4.87
activating antagonistic y
2, 5.80
activating antagonistic y
2, 5.80
activating antagonistic y
2, 5.80
activating antagonistic y
2, 5.80
activating antagonistic y
2, 5.80
activating antagonistic y
2, 5.80
activating antagonistic y
2, 6.38
activating antagonistic y
2, 6.38
activating antagonistic y
2, 6.89
activating antagonistic y
2, 6.89
activating antagonistic y
2, 6.89
activating antagonistic y
2, 6.89
activating antagonistic y
2, 7.40
activating antagonistic y
2, 7.40
activating antagonistic y
2, 7.40































