eþ







SparkFun Displacement Sensor
48.00,-6.42
161.72,-21.62
242.35,-32.40
249.87,-33.41
236.86,-31.67
230.58,-30.83
184.81,-25.56
77.22,-13.22
0.60,-4.40
-6.56,-3.56
5.79,-5.03
11.80,-5.76
11.80,-5.76
10.93,-5.76
10.32,-5.76
10.32,-5.76
10.32,-5.76
10.32,-5.76
10.32,-5.76
10.32,-5.76
10.32,-5.76
10.32,-5.76
10.32,-5.76
10.32,-5.76
10.32,-5.76
10.32,-5.76
10.32,-5.76
10.32,-5.76
10.32,-5.76
10.32,-5.76
10.32,-5.76
10.32,-5.76
10.32,-5.76
10.32,-5.76
10.32,-5.76
10.32,-5.76
10.32,-5.76
10.32,-5.76
10.32,-5.76
10.32,-5.76
10.32,-5.76
10.32,-5.76
10.32,-5.76
10.32,-5.76
10.32,-5.76
10.32,-5.76
10.32,-5.76
10.32,-5.76
10.32,-5.76
10.32,-5.76
10.32,-5.76
10.32,-5.76
10.84,-5.76
10.84,-5.76
10.84,-5.76
10.84,-5.76
10.84,-5.76
10.84,-5.76
10.84,-5.76
10.84,-5.76
10.84,-5.76
10.84,-5.76
10.84,-5.76
10.84,-5.76
10.84,-5.76
10.84,-5.76
10.84,-5.76
10.84,-5.76
10.84,-5.76
10.84,-5.76
10.84,-5.76
10.84,-5.76
10.84,-5.76
10.84,-5.76
10.84,-5.76
10.84,-5.76
10.84,-5.76
10.84,-5.76
10.84,-5.76
10.84,-5.76
10.84,-5.76
10.84,-5.76
10.84,-5.76
10.84,-5.76
10.84,-5.76
10.84,-5.76
10.84,-5.76
10.84,-5.76
10.84,-5.76
10.84,-5.76
10.84,-5.76
10.84,-5.76
10.84,-5.76
10.84,-5.76
10.84,-5.76
10.84,-5.76
10.84,-5.76
10.84,-5.76
10.84,-5.76
10.84,-5.76
Refresh Complete
30.00,30.00
28.89,28.78
27.78,27.56
26.67,26.33
25.56,25.11
24.44,23.89
23.33,22.67
22.22,21.44
21.11,20.22
20.00,19.00
0.00,0.00
20.00,21.00
21.11,22.44
22.22,23.89
23.33,25.33
24.44,26.78
25.56,28.22
26.67,29.67
27.78,31.11
28.89,32.56
30.00,34.00
PWM Signals Generated
Setup Complete
Sampled Pos15.50,-50.50
Current Pos10.84,-5.76
current throttle:
3
0
Iter: 0
1781.00,10.84,-5.76,3.00,0.00,22.22,0.00,0.00,0.00
Iter: 1
1886.00,10.84,-5.76,3.00,0.00,22.22,0.00,0.00,0.00
Iter: 2
1949.00,10.19,-5.76,3.00,0.00,22.22,0.00,0.00,0.00
Iter: 3
2013.00,10.19,-5.76,3.00,0.00,22.22,0.00,0.00,0.00
Iter: 4
2076.00,10.19,-5.76,3.00,0.00,22.22,0.00,0.00,0.00
Iter: 5
2140.00,10.90,-5.76,3.00,0.00,22.22,0.00,0.00,0.00
Iter: 6
2203.00,10.90,-5.76,3.00,0.00,22.22,0.00,0.00,0.00
Iter: 7
2267.00,10.90,-5.76,3.00,0.00,22.22,0.00,0.00,0.00
Iter: 8
2330.00,11.65,-5.76,3.00,0.00,22.22,0.00,0.00,0.00
Iter: 9
2394.00,11.65,-5.21,3.00,0.00,22.22,0.00,0.00,0.00
count grid
0,0,0,0,0,0,0,0,0,0,0,0,0,0,0,10,0,0,0,0,0,0,0,0,0,0,0,0,0,0,0,0,0,0,0,0,
Sampled Pos81.50,48.50
Current Pos11.65,-5.21
current throttle:
6
0
Iter: 0
2583.00,11.65,-5.21,6.00,0.00,25.56,0.00,0.00,0.00
Iter: 1
2688.00,12.81,-5.79,6.00,0.00,25.56,0.00,0.00,0.00
Iter: 2
2751.00,13.41,-5.79,6.00,0.00,25.56,0.00,0.00,0.00
Iter: 3
2814.00,13.41,-5.79,6.00,0.00,25.56,0.00,0.00,0.00
Iter: 4
2878.00,13.41,-5.79,6.00,0.00,25.56,0.00,0.00,0.00
Iter: 5
2941.00,13.41,-5.79,6.00,0.00,25.56,0.00,0.00,0.00
Iter: 6
3005.00,14.58,-5.79,6.00,0.00,25.56,0.00,0.00,0.00
Iter: 7
3068.00,15.13,-4.95,6.00,0.00,25.56,0.00,0.00,0.00
Iter: 8
3132.00,15.13,-4.95,6.00,0.00,25.56,0.00,0.00,0.00
Iter: 9
3195.00,15.13,-4.95,6.00,0.00,25.56,0.00,0.00,0.00
count grid
0,0,0,0,0,0,0,0,0,0,0,0,0,0,0,20,0,0,0,0,0,0,0,0,0,0,0,0,0,0,0,0,0,0,0,0,
Sampled Pos48.50,-17.50
Current Pos15.13,-4.95
current throttle:
7
-2
Iter: 0
3387.00,16.39,-4.95,7.00,-2.00,26.67,0.00,0.00,20.22
Iter: 1
3493.00,17.22,-4.95,7.00,-2.00,26.67,0.00,0.00,20.22
Iter: 2
3559.00,17.22,-6.14,7.00,-2.00,26.67,0.00,0.00,20.22
Iter: 3
3624.00,17.22,-7.27,7.00,-2.00,26.67,0.00,0.00,20.22
Iter: 4
3690.00,17.22,-7.27,7.00,-2.00,26.67,0.00,0.00,20.22
Iter: 5
3756.00,18.54,-6.11,7.00,-2.00,26.67,0.00,0.00,20.22
Iter: 6
3821.00,19.56,-6.11,7.00,-2.00,26.67,0.00,0.00,20.22
Iter: 7
3887.00,19.56,-7.22,7.00,-2.00,26.67,0.00,0.00,20.22
Iter: 8
3952.00,20.20,-7.99,7.00,-2.00,26.67,0.00,0.00,20.22
Iter: 9
4018.00,20.71,-7.99,7.00,-2.00,26.67,0.00,0.00,20.22
count grid
0,0,0,0,0,0,0,0,0,0,0,0,0,0,0,30,0,0,0,0,0,0,0,0,0,0,0,0,0,0,0,0,0,0,0,0,
Sampled Pos81.50,-50.50
Current Pos20.71,-7.99
current throttle:
7
1
Iter: 0
4210.00,20.71,-8.59,7.00,1.00,26.67,0.00,21.00,0.00
Iter: 1
4317.00,21.72,-8.59,7.00,1.00,26.67,0.00,21.00,0.00
Iter: 2
4381.00,22.43,-9.19,7.00,1.00,26.67,0.00,21.00,0.00
Iter: 3
4446.00,22.43,-9.19,7.00,1.00,26.67,0.00,21.00,0.00
Iter: 4
4510.00,23.00,-9.19,7.00,1.00,26.67,0.00,21.00,0.00
Iter: 5
4575.00,23.00,-9.19,7.00,1.00,26.67,0.00,21.00,0.00
Iter: 6
4639.00,23.63,-9.82,7.00,1.00,26.67,0.00,21.00,0.00
Iter: 7
4704.00,23.63,-9.82,7.00,1.00,26.67,0.00,21.00,0.00
Iter: 8
4768.00,23.63,-9.28,7.00,1.00,26.67,0.00,21.00,0.00
Iter: 9
4833.00,24.65,-9.28,7.00,1.00,26.67,0.00,21.00,0.00
count grid
0,0,0,0,0,0,0,0,0,0,0,0,0,0,0,40,0,0,0,0,0,0,0,0,0,0,0,0,0,0,0,0,0,0,0,0,
Sampled Pos-50.50,81.50
Current Pos24.65,-9.28
current throttle:
6
-2
Iter: 0
5024.00,24.65,-8.62,6.00,-2.00,25.56,0.00,0.00,20.22
Iter: 1
5132.00,26.05,-8.62,6.00,-2.00,25.56,0.00,0.00,20.22
Iter: 2
5197.00,27.94,-8.62,6.00,-2.00,25.56,0.00,0.00,20.22
Iter: 3
5263.00,29.60,-8.62,6.00,-2.00,25.56,0.00,0.00,20.22
Iter: 4
5328.00,30.34,-9.59,6.00,-2.00,25.56,0.00,0.00,20.22
Iter: 5
5394.00,31.15,-10.38,6.00,-2.00,25.56,0.00,0.00,20.22
Iter: 6
5460.00,32.53,-10.97,6.00,-2.00,25.56,0.00,0.00,20.22
Iter: 7
5527.00,33.66,-10.97,6.00,-2.00,25.56,0.00,0.00,20.22
Iter: 8
5594.00,34.63,-10.97,6.00,-2.00,25.56,0.00,0.00,20.22
Iter: 9
5660.00,35.87,-10.97,6.00,-2.00,25.56,0.00,0.00,20.22
count grid
0,0,0,0,0,0,0,0,0,0,0,0,0,0,0,46,4,0,0,0,0,0,0,0,0,0,0,0,0,0,0,0,0,0,0,0,
Sampled Pos-83.50,-50.50
Current Pos35.87,-10.97
current throttle:
3
-1
Iter: 0
5857.00,37.72,-12.07,3.00,-1.00,22.22,0.00,0.00,19.00
Iter: 1
5965.00,40.91,-13.58,3.00,-1.00,22.22,0.00,0.00,19.00
Iter: 2
6032.00,44.14,-14.48,3.00,-1.00,22.22,0.00,0.00,19.00
Iter: 3
6098.00,45.33,-14.48,3.00,-1.00,22.22,0.00,0.00,19.00
Iter: 4
6165.00,45.33,-15.54,3.00,-1.00,22.22,0.00,0.00,19.00
Iter: 5
6232.00,47.10,-15.54,3.00,-1.00,22.22,0.00,0.00,19.00
Iter: 6
6298.00,48.25,-15.54,3.00,-1.00,22.22,0.00,0.00,19.00
Iter: 7
6365.00,49.19,-15.54,3.00,-1.00,22.22,0.00,0.00,19.00
Iter: 8
6431.00,50.54,-15.54,3.00,-1.00,22.22,0.00,0.00,19.00
Iter: 9
6498.00,52.09,-15.54,3.00,-1.00,22.22,0.00,0.00,19.00
count grid
0,0,0,0,0,0,0,0,0,0,0,0,0,0,0,46,14,0,0,0,0,0,0,0,0,0,0,0,0,0,0,0,0,0,0,0,
Sampled Pos-83.50,81.50
Current Pos52.09,-15.54
current throttle:
3
-1
Iter: 0
6693.00,54.13,-16.88,3.00,-1.00,22.22,0.00,0.00,19.00
Iter: 1
6802.00,57.05,-18.41,3.00,-1.00,22.22,0.00,0.00,19.00
Iter: 2
6868.00,59.86,-19.47,3.00,-1.00,22.22,0.00,0.00,19.00
Iter: 3
6935.00,61.65,-20.20,3.00,-1.00,22.22,0.00,0.00,19.00
Iter: 4
7002.00,62.91,-20.97,3.00,-1.00,22.22,0.00,0.00,19.00
Iter: 5
7068.00,64.19,-20.97,3.00,-1.00,22.22,0.00,0.00,19.00
Iter: 6
7135.00,65.73,-20.97,3.00,-1.00,22.22,0.00,0.00,19.00
Iter: 7
7201.00,67.67,-22.01,3.00,-1.00,22.22,0.00,0.00,19.00
Iter: 8
7268.00,69.37,-22.84,3.00,-1.00,22.22,0.00,0.00,19.00
Iter: 9
7334.00,70.73,-23.46,3.00,-1.00,22.22,0.00,0.00,19.00
count grid
0,0,0,0,0,0,0,0,0,0,0,0,0,0,0,46,20,4,0,0,0,0,0,0,0,0,0,0,0,0,0,0,0,0,0,0,
Sampled Pos-83.50,-17.50
Current Pos70.73,-23.46
current throttle:
2
1
Iter: 0
7531.00,72.85,-24.61,2.00,1.00,21.11,0.00,21.00,0.00
Iter: 1
7639.00,75.62,-25.62,2.00,1.00,21.11,0.00,21.00,0.00
Iter: 2
7704.00,77.55,-25.62,2.00,1.00,21.11,0.00,21.00,0.00
Iter: 3
7770.00,78.36,-25.07,2.00,1.00,21.11,0.00,21.00,0.00
Iter: 4
7835.00,79.09,-25.07,2.00,1.00,21.11,0.00,21.00,0.00
Iter: 5
7901.00,79.93,-25.07,2.00,1.00,21.11,0.00,21.00,0.00
Iter: 6
7966.00,80.46,-25.83,2.00,1.00,21.11,0.00,21.00,0.00
Iter: 7
8032.00,81.31,-26.33,2.00,1.00,21.11,0.00,21.00,0.00
Iter: 8
8097.00,82.42,-26.33,2.00,1.00,21.11,0.00,21.00,0.00
Iter: 9
8163.00,83.07,-25.40,2.00,1.00,21.11,0.00,21.00,0.00
count grid
0,0,0,0,0,0,0,0,0,0,0,0,0,0,0,46,20,14,0,0,0,0,0,0,0,0,0,0,0,0,0,0,0,0,0,0,
Sampled Pos-50.50,-17.50
Current Pos83.07,-25.40
current throttle:
-1
1
Iter: 0
8359.00,83.87,-25.40,-1.00,1.00,0.00,20.00,21.00,0.00
Iter: 1
8468.00,85.11,-25.40,-1.00,1.00,0.00,20.00,21.00,0.00
Iter: 2
8535.00,85.71,-24.89,-1.00,1.00,0.00,20.00,21.00,0.00
Iter: 3
8601.00,85.71,-24.89,-1.00,1.00,0.00,20.00,21.00,0.00
Iter: 4
8668.00,84.46,-25.53,-1.00,1.00,0.00,20.00,21.00,0.00
Iter: 5
8734.00,83.86,-24.86,-1.00,1.00,0.00,20.00,21.00,0.00
Iter: 6
8801.00,83.86,-23.75,-1.00,1.00,0.00,20.00,21.00,0.00
Iter: 7
8867.00,83.86,-23.75,-1.00,1.00,0.00,20.00,21.00,0.00
Iter: 8
8934.00,82.82,-23.75,-1.00,1.00,0.00,20.00,21.00,0.00
Iter: 9
9000.00,81.97,-24.49,-1.00,1.00,0.00,20.00,21.00,0.00
count grid
0,0,0,0,0,0,0,0,0,0,0,0,0,0,0,46,20,24,0,0,0,0,0,0,0,0,0,0,0,0,0,0,0,0,0,0,
Sampled Pos-50.50,-50.50
Current Pos81.97,-24.49
current throttle:
-4
1
Iter: 0
9199.00,81.19,-23.71,-4.00,1.00,0.00,23.33,21.00,0.00
Iter: 1
9308.00,80.24,-21.70,-4.00,1.00,0.00,23.33,21.00,0.00
Iter: 2
9374.00,79.21,-20.22,-4.00,1.00,0.00,23.33,21.00,0.00
Iter: 3
9441.00,78.45,-20.22,-4.00,1.00,0.00,23.33,21.00,0.00
Iter: 4
9507.00,78.45,-20.78,-4.00,1.00,0.00,23.33,21.00,0.00
Iter: 5
9574.00,77.59,-21.57,-4.00,1.00,0.00,23.33,21.00,0.00
Iter: 6
9640.00,76.90,-22.14,-4.00,1.00,0.00,23.33,21.00,0.00
Iter: 7
9707.00,76.11,-21.19,-4.00,1.00,0.00,23.33,21.00,0.00
Iter: 8
9774.00,75.32,-19.82,-4.00,1.00,0.00,23.33,21.00,0.00
Iter: 9
9840.00,74.76,-19.82,-4.00,1.00,0.00,23.33,21.00,0.00
count grid
0,0,0,0,0,0,0,0,0,0,0,0,0,0,0,46,20,34,0,0,0,0,0,0,0,0,0,0,0,0,0,0,0,0,0,0,
Sampled Pos-83.50,-83.50
Current Pos74.76,-19.82
current throttle:
-5
2
Iter: 0
10039.00,73.80,-19.03,-5.00,2.00,0.00,24.44,22.44,0.00
Iter: 1
10147.00,72.20,-18.45,-5.00,2.00,0.00,24.44,22.44,0.00
Iter: 2
10215.00,70.97,-17.41,-5.00,2.00,0.00,24.44,22.44,0.00
Iter: 3
10283.00,70.29,-16.39,-5.00,2.00,0.00,24.44,22.44,0.00
Iter: 4
10351.00,69.47,-16.39,-5.00,2.00,0.00,24.44,22.44,0.00
Iter: 5
10419.00,68.51,-16.39,-5.00,2.00,0.00,24.44,22.44,0.00
Iter: 6
10486.00,67.92,-16.39,-5.00,2.00,0.00,24.44,22.44,0.00
Iter: 7
10554.00,67.40,-16.39,-5.00,2.00,0.00,24.44,22.44,0.00
Iter: 8
10621.00,66.50,-15.06,-5.00,2.00,0.00,24.44,22.44,0.00
Iter: 9
10689.00,65.64,-15.06,-5.00,2.00,0.00,24.44,22.44,0.00
count grid
0,0,0,0,0,0,0,0,0,0,0,0,0,0,0,46,20,44,0,0,0,0,0,0,0,0,0,0,0,0,0,0,0,0,0,0,
Sampled Pos48.50,48.50
Current Pos65.64,-15.06
current throttle:
-5
2
Iter: 0
10886.00,64.83,-15.06,-5.00,2.00,0.00,24.44,22.44,0.00
Iter: 1
10995.00,63.40,-14.28,-5.00,2.00,0.00,24.44,22.44,0.00
Iter: 2
11063.00,61.72,-13.67,-5.00,2.00,0.00,24.44,22.44,0.00
Iter: 3
11130.00,60.51,-13.67,-5.00,2.00,0.00,24.44,22.44,0.00
Iter: 4
11198.00,59.55,-14.23,-5.00,2.00,0.00,24.44,22.44,0.00
Iter: 5
11266.00,58.52,-13.50,-5.00,2.00,0.00,24.44,22.44,0.00
Iter: 6
11333.00,57.59,-12.35,-5.00,2.00,0.00,24.44,22.44,0.00
Iter: 7
11401.00,56.92,-11.75,-5.00,2.00,0.00,24.44,22.44,0.00
Iter: 8
11468.00,56.04,-11.75,-5.00,2.00,0.00,24.44,22.44,0.00
Iter: 9
11536.00,54.95,-11.04,-5.00,2.00,0.00,24.44,22.44,0.00
count grid
0,0,0,0,0,0,0,0,0,0,0,0,0,0,0,46,30,44,0,0,0,0,0,0,0,0,0,0,0,0,0,0,0,0,0,0,
Sampled Pos-17.50,-83.50
Current Pos54.95,-11.04
current throttle:
-3
2
Iter: 0
11736.00,53.65,-10.49,-3.00,2.00,0.00,22.22,22.44,0.00
Iter: 1
11845.00,51.67,-9.72,-3.00,2.00,0.00,22.22,22.44,0.00
Iter: 2
11912.00,49.57,-8.94,-3.00,2.00,0.00,22.22,22.44,0.00
Iter: 3
11978.00,48.06,-8.38,-3.00,2.00,0.00,22.22,22.44,0.00
Iter: 4
12045.00,47.01,-8.38,-3.00,2.00,0.00,22.22,22.44,0.00
Iter: 5
12111.00,46.21,-6.98,-3.00,2.00,0.00,22.22,22.44,0.00
Iter: 6
12178.00,45.42,-5.48,-3.00,2.00,0.00,22.22,22.44,0.00
Iter: 7
12244.00,44.37,-5.48,-3.00,2.00,0.00,22.22,22.44,0.00
Iter: 8
12311.00,43.17,-6.31,-3.00,2.00,0.00,22.22,22.44,0.00
Iter: 9
12378.00,42.09,-6.31,-3.00,2.00,0.00,22.22,22.44,0.00
count grid
0,0,0,0,0,0,0,0,0,0,0,0,0,0,0,46,40,44,0,0,0,0,0,0,0,0,0,0,0,0,0,0,0,0,0,0,
Sampled Pos81.50,48.50
Current Pos42.09,-6.31
current throttle:
-1
1
Iter: 0
12573.00,40.70,-5.60,-1.00,1.00,0.00,20.00,21.00,0.00
Iter: 1
12682.00,38.46,-4.28,-1.00,1.00,0.00,20.00,21.00,0.00
Iter: 2
12748.00,36.02,-2.30,-1.00,1.00,0.00,20.00,21.00,0.00
Iter: 3
12815.00,34.31,-0.58,-1.00,1.00,0.00,20.00,21.00,0.00
Iter: 4
12881.00,33.18,-0.58,-1.00,1.00,0.00,20.00,21.00,0.00
Iter: 5
12948.00,32.02,-0.58,-1.00,1.00,0.00,20.00,21.00,0.00
Iter: 6
13015.00,30.71,-0.58,-1.00,1.00,0.00,20.00,21.00,0.00
Iter: 7
13081.00,29.51,-1.16,-1.00,1.00,0.00,20.00,21.00,0.00
Iter: 8
13148.00,28.33,-0.16,-1.00,1.00,0.00,20.00,21.00,0.00
Iter: 9
13214.00,27.01,1.18,-1.00,1.00,0.00,20.00,21.00,0.00
count grid
0,0,0,0,0,0,0,0,0,0,0,0,0,0,0,47,43,44,0,0,0,3,3,0,0,0,0,0,0,0,0,0,0,0,0,0,
Sampled Pos81.50,-83.50
Current Pos27.01,1.18
current throttle:
-4
2
Iter: 0
13408.00,25.20,2.15,-4.00,2.00,0.00,23.33,22.44,0.00
Iter: 1
13515.00,22.70,3.31,-4.00,2.00,0.00,23.33,22.44,0.00
Iter: 2
13581.00,20.27,4.56,-4.00,2.00,0.00,23.33,22.44,0.00
Iter: 3
13646.00,18.28,4.56,-4.00,2.00,0.00,23.33,22.44,0.00
Iter: 4
13712.00,16.63,4.56,-4.00,2.00,0.00,23.33,22.44,0.00
Iter: 5
13777.00,15.20,6.25,-4.00,2.00,0.00,23.33,22.44,0.00
Iter: 6
13843.00,13.82,8.18,-4.00,2.00,0.00,23.33,22.44,0.00
Iter: 7
13908.00,12.44,9.52,-4.00,2.00,0.00,23.33,22.44,0.00
Iter: 8
13974.00,10.86,10.59,-4.00,2.00,0.00,23.33,22.44,0.00
Iter: 9
14041.00,9.16,11.70,-4.00,2.00,0.00,23.33,22.44,0.00
count grid
0,0,0,0,0,0,0,0,0,0,0,0,0,0,0,47,43,44,0,0,0,13,3,0,0,0,0,0,0,0,0,0,0,0,0,0,
Sampled Pos-50.50,81.50
Current Pos9.16,11.70
current throttle:
-3
-1
Iter: 0
14237.00,6.97,13.15,-3.00,-1.00,0.00,22.22,0.00,19.00
Iter: 1
14346.00,4.09,15.16,-3.00,-1.00,0.00,22.22,0.00,19.00
Iter: 2
14412.00,1.91,16.96,-3.00,-1.00,0.00,22.22,0.00,19.00
Iter: 3
14479.00,1.10,17.81,-3.00,-1.00,0.00,22.22,0.00,19.00
Iter: 4
14545.00,1.10,17.81,-3.00,-1.00,0.00,22.22,0.00,19.00
Iter: 5
14612.00,1.10,19.26,-3.00,-1.00,0.00,22.22,0.00,19.00
Iter: 6
14679.00,1.96,20.76,-3.00,-1.00,0.00,22.22,0.00,19.00
Iter: 7
14745.00,1.96,20.76,-3.00,-1.00,0.00,22.22,0.00,19.00
Iter: 8
14812.00,1.96,20.03,-3.00,-1.00,0.00,22.22,0.00,19.00
Iter: 9
14878.00,1.96,20.03,-3.00,-1.00,0.00,22.22,0.00,19.00
count grid
0,0,0,0,0,0,0,0,0,0,0,0,0,0,0,47,43,44,0,0,0,23,3,0,0,0,0,0,0,0,0,0,0,0,0,0,
Sampled Pos81.50,-83.50
Current Pos1.96,20.03
current throttle:
-5
0
Iter: 0
15074.00,2.58,20.03,-5.00,0.00,0.00,24.44,0.00,0.00
Iter: 1
15180.00,3.21,21.23,-5.00,0.00,0.00,24.44,0.00,0.00
Iter: 2
15245.00,3.21,23.41,-5.00,0.00,0.00,24.44,0.00,0.00
Iter: 3
15309.00,3.21,25.55,-5.00,0.00,0.00,24.44,0.00,0.00
Iter: 4
15374.00,3.21,26.43,-5.00,0.00,0.00,24.44,0.00,0.00
Iter: 5
15438.00,3.21,26.43,-5.00,0.00,0.00,24.44,0.00,0.00
Iter: 6
15503.00,3.78,26.43,-5.00,0.00,0.00,24.44,0.00,0.00
Iter: 7
15567.00,3.78,26.43,-5.00,0.00,0.00,24.44,0.00,0.00
Iter: 8
15632.00,3.78,27.91,-5.00,0.00,0.00,24.44,0.00,0.00
Iter: 9
15696.00,3.78,29.51,-5.00,0.00,0.00,24.44,0.00,0.00
count grid
0,0,0,0,0,0,0,0,0,0,0,0,0,0,0,47,43,44,0,0,0,33,3,0,0,0,0,0,0,0,0,0,0,0,0,0,
Sampled Pos-50.50,15.50
Current Pos3.78,29.51
current throttle:
-5
-3
Iter: 0
15892.00,3.78,31.02,-5.00,-3.00,0.00,24.44,0.00,21.44
Iter: 1
16000.00,4.82,32.80,-5.00,-3.00,0.00,24.44,0.00,21.44
Iter: 2
16066.00,5.46,34.23,-5.00,-3.00,0.00,24.44,0.00,21.44
Iter: 3
16133.00,5.46,34.23,-5.00,-3.00,0.00,24.44,0.00,21.44
Iter: 4
16199.00,5.46,33.38,-5.00,-3.00,0.00,24.44,0.00,21.44
Iter: 5
16266.00,5.46,34.10,-5.00,-3.00,0.00,24.44,0.00,21.44
Iter: 6
16332.00,5.46,35.32,-5.00,-3.00,0.00,24.44,0.00,21.44
Iter: 7
16399.00,5.46,35.32,-5.00,-3.00,0.00,24.44,0.00,21.44
Iter: 8
16465.00,5.46,36.78,-5.00,-3.00,0.00,24.44,0.00,21.44
Iter: 9
16532.00,5.46,38.10,-5.00,-3.00,0.00,24.44,0.00,21.44
count grid
0,0,0,0,0,0,0,0,0,0,0,0,0,0,0,47,43,44,0,0,0,34,3,0,0,0,0,9,0,0,0,0,0,0,0,0,
Sampled Pos48.50,-50.50
Current Pos5.46,38.10
current throttle:
-6
-4
Iter: 0
16730.00,6.15,38.10,-6.00,-4.00,0.00,25.56,0.00,22.67
Iter: 1
16838.00,6.15,36.87,-6.00,-4.00,0.00,25.56,0.00,22.67
Iter: 2
16905.00,6.73,36.87,-6.00,-4.00,0.00,25.56,0.00,22.67
Iter: 3
16971.00,6.73,37.93,-6.00,-4.00,0.00,25.56,0.00,22.67
Iter: 4
17038.00,6.73,37.93,-6.00,-4.00,0.00,25.56,0.00,22.67
Iter: 5
17104.00,6.73,37.93,-6.00,-4.00,0.00,25.56,0.00,22.67
Iter: 6
17171.00,7.30,37.93,-6.00,-4.00,0.00,25.56,0.00,22.67
Iter: 7
17238.00,7.30,38.98,-6.00,-4.00,0.00,25.56,0.00,22.67
Iter: 8
17304.00,7.30,38.98,-6.00,-4.00,0.00,25.56,0.00,22.67
Iter: 9
17371.00,7.30,38.98,-6.00,-4.00,0.00,25.56,0.00,22.67
count grid
0,0,0,0,0,0,0,0,0,0,0,0,0,0,0,47,43,44,0,0,0,34,3,0,0,0,0,19,0,0,0,0,0,0,0,0,
Sampled Pos-50.50,-83.50
Current Pos7.30,38.98
current throttle:
-6
-7
Iter: 0
17570.00,7.30,38.37,-6.00,-7.00,0.00,25.56,0.00,26.33
Iter: 1
17679.00,7.93,38.37,-6.00,-7.00,0.00,25.56,0.00,26.33
Iter: 2
17745.00,7.93,38.37,-6.00,-7.00,0.00,25.56,0.00,26.33
Iter: 3
17812.00,7.93,39.47,-6.00,-7.00,0.00,25.56,0.00,26.33
Iter: 4
17879.00,7.93,40.31,-6.00,-7.00,0.00,25.56,0.00,26.33
Iter: 5
17945.00,8.58,40.31,-6.00,-7.00,0.00,25.56,0.00,26.33
Iter: 6
18012.00,8.58,41.13,-6.00,-7.00,0.00,25.56,0.00,26.33
Iter: 7
18078.00,8.58,42.20,-6.00,-7.00,0.00,25.56,0.00,26.33
Iter: 8
18145.00,8.58,41.55,-6.00,-7.00,0.00,25.56,0.00,26.33
Iter: 9
18211.00,8.58,40.15,-6.00,-7.00,0.00,25.56,0.00,26.33
count grid
0,0,0,0,0,0,0,0,0,0,0,0,0,0,0,47,43,44,0,0,0,34,3,0,0,0,0,29,0,0,0,0,0,0,0,0,
Sampled Pos-17.50,-50.50
Current Pos8.58,40.15
current throttle:
-7
-10
Iter: 0
18411.00,9.28,39.58,-7.00,-10.00,0.00,26.67,0.00,30.00
Iter: 1
18521.00,9.28,39.58,-7.00,-10.00,0.00,26.67,0.00,30.00
Iter: 2
18588.00,9.79,38.44,-7.00,-10.00,0.00,26.67,0.00,30.00
Iter: 3
18656.00,9.79,37.20,-7.00,-10.00,0.00,26.67,0.00,30.00
Iter: 4
18723.00,9.79,37.20,-7.00,-10.00,0.00,26.67,0.00,30.00
Iter: 5
18791.00,9.79,37.20,-7.00,-10.00,0.00,26.67,0.00,30.00
Iter: 6
18859.00,9.79,37.20,-7.00,-10.00,0.00,26.67,0.00,30.00
Iter: 7
18926.00,9.79,37.20,-7.00,-10.00,0.00,26.67,0.00,30.00
Iter: 8
18994.00,10.33,38.05,-7.00,-10.00,0.00,26.67,0.00,30.00
Iter: 9
19062.00,10.33,36.85,-7.00,-10.00,0.00,26.67,0.00,30.00
count grid
0,0,0,0,0,0,0,0,0,0,0,0,0,0,0,47,43,44,0,0,0,34,3,0,0,0,0,39,0,0,0,0,0,0,0,0,
Sampled Pos-83.50,15.50
Current Pos10.33,36.85
current throttle:
-7
-10
Iter: 0
19265.00,10.33,35.11,-7.00,-10.00,0.00,26.67,0.00,30.00
Iter: 1
19376.00,10.33,33.78,-7.00,-10.00,0.00,26.67,0.00,30.00
Iter: 2
19444.00,11.14,31.52,-7.00,-10.00,0.00,26.67,0.00,30.00
Iter: 3
19513.00,11.14,29.09,-7.00,-10.00,0.00,26.67,0.00,30.00
Iter: 4
19581.00,11.14,27.69,-7.00,-10.00,0.00,26.67,0.00,30.00
Iter: 5
19650.00,11.14,27.69,-7.00,-10.00,0.00,26.67,0.00,30.00
Iter: 6
19719.00,11.14,26.86,-7.00,-10.00,0.00,26.67,0.00,30.00
Iter: 7
19787.00,11.14,25.91,-7.00,-10.00,0.00,26.67,0.00,30.00
Iter: 8
19856.00,11.65,24.63,-7.00,-10.00,0.00,26.67,0.00,30.00
Iter: 9
19924.00,11.65,23.39,-7.00,-10.00,0.00,26.67,0.00,30.00
count grid
0,0,0,0,0,0,0,0,0,0,0,0,0,0,0,47,43,44,0,0,0,42,3,0,0,0,0,41,0,0,0,0,0,0,0,0,
Sampled Pos-17.50,-17.50
Current Pos11.65,23.39
current throttle:
-6
-9
Iter: 0
20127.00,11.65,22.02,-6.00,-9.00,0.00,25.56,0.00,28.78
Iter: 1
20237.00,11.65,19.89,-6.00,-9.00,0.00,25.56,0.00,28.78
Iter: 2
20304.00,11.65,17.80,-6.00,-9.00,0.00,25.56,0.00,28.78
Iter: 3
20372.00,11.65,16.51,-6.00,-9.00,0.00,25.56,0.00,28.78
Iter: 4
20440.00,11.65,15.18,-6.00,-9.00,0.00,25.56,0.00,28.78
Iter: 5
20507.00,11.65,13.60,-6.00,-9.00,0.00,25.56,0.00,28.78
Iter: 6
20575.00,11.65,12.91,-6.00,-9.00,0.00,25.56,0.00,28.78
Iter: 7
20642.00,12.16,12.91,-6.00,-9.00,0.00,25.56,0.00,28.78
Iter: 8
20710.00,12.16,12.05,-6.00,-9.00,0.00,25.56,0.00,28.78
Iter: 9
20777.00,12.16,10.75,-6.00,-9.00,0.00,25.56,0.00,28.78
count grid
0,0,0,0,0,0,0,0,0,0,0,0,0,0,0,47,43,44,0,0,0,52,3,0,0,0,0,41,0,0,0,0,0,0,0,0,
Sampled Pos81.50,81.50
Current Pos12.16,10.75
current throttle:
-8
-9
Iter: 0
20977.00,12.16,9.03,-8.00,-9.00,0.00,27.78,0.00,28.78
Iter: 1
21086.00,12.16,8.25,-8.00,-9.00,0.00,27.78,0.00,28.78
Iter: 2
21152.00,12.16,8.25,-8.00,-9.00,0.00,27.78,0.00,28.78
Iter: 3
21219.00,12.16,6.69,-8.00,-9.00,0.00,27.78,0.00,28.78
Iter: 4
21285.00,12.16,4.67,-8.00,-9.00,0.00,27.78,0.00,28.78
Iter: 5
21352.00,12.16,3.52,-8.00,-9.00,0.00,27.78,0.00,28.78
Iter: 6
21419.00,12.16,3.52,-8.00,-9.00,0.00,27.78,0.00,28.78
Iter: 7
21485.00,12.16,3.52,-8.00,-9.00,0.00,27.78,0.00,28.78
Iter: 8
21552.00,13.04,2.79,-8.00,-9.00,0.00,27.78,0.00,28.78
Iter: 9
21618.00,13.67,1.47,-8.00,-9.00,0.00,27.78,0.00,28.78
count grid
0,0,0,0,0,0,0,0,0,0,0,0,0,0,0,47,43,44,0,0,0,62,3,0,0,0,0,41,0,0,0,0,0,0,0,0,
Sampled Pos-50.50,-50.50
Current Pos13.67,1.47
current throttle:
-9
-9
Iter: 0
21818.00,13.67,0.30,-9.00,-9.00,0.00,28.89,0.00,28.78
Iter: 1
21925.00,12.66,-0.96,-9.00,-9.00,0.00,28.89,0.00,28.78
Iter: 2
21993.00,12.66,-2.95,-9.00,-9.00,0.00,28.89,0.00,28.78
Iter: 3
22061.00,12.66,-4.84,-9.00,-9.00,0.00,28.89,0.00,28.78
Iter: 4
22128.00,12.66,-4.84,-9.00,-9.00,0.00,28.89,0.00,28.78
Iter: 5
22196.00,12.66,-3.92,-9.00,-9.00,0.00,28.89,0.00,28.78
Iter: 6
22263.00,12.66,-3.92,-9.00,-9.00,0.00,28.89,0.00,28.78
Iter: 7
22332.00,12.66,-3.92,-9.00,-9.00,0.00,28.89,0.00,28.78
Iter: 8
22400.00,12.66,-3.92,-9.00,-9.00,0.00,28.89,0.00,28.78
Iter: 9
22467.00,12.66,-4.58,-9.00,-9.00,0.00,28.89,0.00,28.78
count grid
0,0,0,0,0,0,0,0,0,0,0,0,0,0,0,55,43,44,0,0,0,64,3,0,0,0,0,41,0,0,0,0,0,0,0,0,
Sampled Pos-83.50,-17.50
Current Pos12.66,-4.58
current throttle:
-9
-8
Iter: 0
22668.00,12.66,-6.03,-9.00,-8.00,0.00,28.89,0.00,27.56
Iter: 1
22777.00,13.16,-6.75,-9.00,-8.00,0.00,28.89,0.00,27.56
Iter: 2
22845.00,13.16,-7.97,-9.00,-8.00,0.00,28.89,0.00,27.56
Iter: 3
22913.00,13.16,-10.03,-9.00,-8.00,0.00,28.89,0.00,27.56
Iter: 4
22981.00,13.16,-11.69,-9.00,-8.00,0.00,28.89,0.00,27.56
Iter: 5
23050.00,13.16,-11.69,-9.00,-8.00,0.00,28.89,0.00,27.56
Iter: 6
23118.00,13.16,-10.23,-9.00,-8.00,0.00,28.89,0.00,27.56
Iter: 7
23187.00,13.16,-10.23,-9.00,-8.00,0.00,28.89,0.00,27.56
Iter: 8
23256.00,13.16,-10.23,-9.00,-8.00,0.00,28.89,0.00,27.56
Iter: 9
23324.00,13.16,-9.09,-9.00,-8.00,0.00,28.89,0.00,27.56
count grid
0,0,0,0,0,0,0,0,0,0,0,0,0,0,0,65,43,44,0,0,0,64,3,0,0,0,0,41,0,0,0,0,0,0,0,0,
Sampled Pos-83.50,-17.50
Current Pos13.16,-9.09
current throttle:
-10
-6
Iter: 0
23527.00,13.16,-10.46,-10.00,-6.00,0.00,30.00,0.00,25.11
Iter: 1
23639.00,13.16,-12.81,-10.00,-6.00,0.00,30.00,0.00,25.11
Iter: 2
23708.00,13.93,-12.81,-10.00,-6.00,0.00,30.00,0.00,25.11
Iter: 3
23778.00,14.58,-12.81,-10.00,-6.00,0.00,30.00,0.00,25.11
Iter: 4
23847.00,14.58,-12.81,-10.00,-6.00,0.00,30.00,0.00,25.11
Iter: 5
23917.00,13.46,-13.84,-10.00,-6.00,0.00,30.00,0.00,25.11
Iter: 6
23987.00,12.88,-13.31,-10.00,-6.00,0.00,30.00,0.00,25.11
Iter: 7
24056.00,12.88,-12.06,-10.00,-6.00,0.00,30.00,0.00,25.11
Iter: 8
24126.00,12.88,-12.06,-10.00,-6.00,0.00,30.00,0.00,25.11
Iter: 9
24197.00,12.88,-12.62,-10.00,-6.00,0.00,30.00,0.00,25.11
count grid
0,0,0,0,0,0,0,0,0,0,0,0,0,0,0,75,43,44,0,0,0,64,3,0,0,0,0,41,0,0,0,0,0,0,0,0,
Sampled Pos-83.50,81.50
Current Pos12.88,-12.62
current throttle:
-10
-6
Iter: 0
24400.00,12.88,-12.62,-10.00,-6.00,0.00,30.00,0.00,25.11
Iter: 1
24512.00,12.88,-11.27,-10.00,-6.00,0.00,30.00,0.00,25.11
Iter: 2
24582.00,12.88,-11.27,-10.00,-6.00,0.00,30.00,0.00,25.11
Iter: 3
24651.00,12.88,-10.73,-10.00,-6.00,0.00,30.00,0.00,25.11
Iter: 4
24721.00,12.88,-10.73,-10.00,-6.00,0.00,30.00,0.00,25.11
Iter: 5
24791.00,12.88,-10.73,-10.00,-6.00,0.00,30.00,0.00,25.11
Iter: 6
24861.00,12.88,-9.06,-10.00,-6.00,0.00,30.00,0.00,25.11
Iter: 7
24930.00,12.88,-9.06,-10.00,-6.00,0.00,30.00,0.00,25.11
Iter: 8
24998.00,13.38,-10.12,-10.00,-6.00,0.00,30.00,0.00,25.11
Iter: 9
25068.00,13.38,-10.12,-10.00,-6.00,0.00,30.00,0.00,25.11
count grid
0,0,0,0,0,0,0,0,0,0,0,0,0,0,0,85,43,44,0,0,0,64,3,0,0,0,0,41,0,0,0,0,0,0,0,0,
Sampled Pos-17.50,-83.50
Current Pos13.38,-10.12
current throttle:
-8
-8
Iter: 0
25272.00,12.74,-10.12,-8.00,-8.00,0.00,27.78,0.00,27.56
Iter: 1
25382.00,12.74,-8.97,-8.00,-8.00,0.00,27.78,0.00,27.56
Iter: 2
25450.00,12.74,-8.29,-8.00,-8.00,0.00,27.78,0.00,27.56
Iter: 3
25518.00,12.74,-9.33,-8.00,-8.00,0.00,27.78,0.00,27.56
Iter: 4
25585.00,12.74,-10.95,-8.00,-8.00,0.00,27.78,0.00,27.56
Iter: 5
25654.00,12.74,-12.52,-8.00,-8.00,0.00,27.78,0.00,27.56
Iter: 6
25722.00,12.74,-13.94,-8.00,-8.00,0.00,27.78,0.00,27.56
Iter: 7
25791.00,12.74,-13.94,-8.00,-8.00,0.00,27.78,0.00,27.56
Iter: 8
25861.00,12.00,-12.69,-8.00,-8.00,0.00,27.78,0.00,27.56
Iter: 9
25929.00,12.00,-12.69,-8.00,-8.00,0.00,27.78,0.00,27.56
count grid
0,0,0,0,0,0,0,0,0,0,0,0,0,0,0,95,43,44,0,0,0,64,3,0,0,0,0,41,0,0,0,0,0,0,0,0,
Sampled Pos15.50,-83.50
Current Pos12.00,-12.69
current throttle:
-5
-8
Iter: 0
26131.00,12.00,-13.61,-5.00,-8.00,0.00,24.44,0.00,27.56
Iter: 1
26242.00,12.00,-14.47,-5.00,-8.00,0.00,24.44,0.00,27.56
Iter: 2
26310.00,12.00,-14.47,-5.00,-8.00,0.00,24.44,0.00,27.56
Iter: 3
26379.00,12.00,-14.47,-5.00,-8.00,0.00,24.44,0.00,27.56
Iter: 4
26447.00,12.80,-14.47,-5.00,-8.00,0.00,24.44,0.00,27.56
Iter: 5
26516.00,13.39,-16.55,-5.00,-8.00,0.00,24.44,0.00,27.56
Iter: 6
26585.00,13.39,-17.37,-5.00,-8.00,0.00,24.44,0.00,27.56
Iter: 7
26653.00,12.57,-17.37,-5.00,-8.00,0.00,24.44,0.00,27.56
Iter: 8
26722.00,12.57,-18.80,-5.00,-8.00,0.00,24.44,0.00,27.56
Iter: 9
26791.00,12.57,-20.30,-5.00,-8.00,0.00,24.44,0.00,27.56
count grid
0,0,0,0,0,0,0,0,0,0,0,0,0,0,0,105,43,44,0,0,0,64,3,0,0,0,0,41,0,0,0,0,0,0,0,0,
Sampled Pos81.50,-50.50
Current Pos12.57,-20.30
current throttle:
-2
-8
Iter: 0
26994.00,12.57,-20.30,-2.00,-8.00,0.00,21.11,0.00,27.56
Iter: 1
27105.00,12.57,-20.30,-2.00,-8.00,0.00,21.11,0.00,27.56
Iter: 2
27173.00,12.57,-21.20,-2.00,-8.00,0.00,21.11,0.00,27.56
Iter: 3
27242.00,12.06,-21.93,-2.00,-8.00,0.00,21.11,0.00,27.56
Iter: 4
27311.00,12.06,-22.78,-2.00,-8.00,0.00,21.11,0.00,27.56
Iter: 5
27379.00,12.06,-22.78,-2.00,-8.00,0.00,21.11,0.00,27.56
Iter: 6
27448.00,12.06,-22.78,-2.00,-8.00,0.00,21.11,0.00,27.56
Iter: 7
27516.00,12.58,-23.41,-2.00,-8.00,0.00,21.11,0.00,27.56
Iter: 8
27585.00,12.58,-25.01,-2.00,-8.00,0.00,21.11,0.00,27.56
Iter: 9
27654.00,12.58,-26.47,-2.00,-8.00,0.00,21.11,0.00,27.56
count grid
0,0,0,0,0,0,0,0,0,0,0,0,0,0,0,115,43,44,0,0,0,64,3,0,0,0,0,41,0,0,0,0,0,0,0,0,
Sampled Pos81.50,15.50
Current Pos12.58,-26.47
current throttle:
1
-9
Iter: 0
27855.00,12.58,-28.01,1.00,-9.00,20.00,0.00,0.00,28.78
Iter: 1
27965.00,12.02,-28.01,1.00,-9.00,20.00,0.00,0.00,28.78
Iter: 2
28033.00,12.02,-28.80,1.00,-9.00,20.00,0.00,0.00,28.78
Iter: 3
28100.00,13.16,-31.01,1.00,-9.00,20.00,0.00,0.00,28.78
Iter: 4
28168.00,14.27,-33.30,1.00,-9.00,20.00,0.00,0.00,28.78
Iter: 5
28235.00,14.99,-34.95,1.00,-9.00,20.00,0.00,0.00,28.78
Iter: 6
28303.00,15.54,-36.76,1.00,-9.00,20.00,0.00,0.00,28.78
Iter: 7
28370.00,15.54,-38.38,1.00,-9.00,20.00,0.00,0.00,28.78
Iter: 8
28438.00,15.54,-39.64,1.00,-9.00,20.00,0.00,0.00,28.78
Iter: 9
28506.00,16.59,-41.35,1.00,-9.00,20.00,0.00,0.00,28.78
count grid
0,0,0,0,0,0,0,0,0,5,0,0,0,0,0,120,43,44,0,0,0,64,3,0,0,0,0,41,0,0,0,0,0,0,0,0,
Sampled Pos15.50,-83.50
Current Pos16.59,-41.35
current throttle:
0
-9
Iter: 0
28707.00,17.27,-44.77,0.00,-9.00,0.00,0.00,0.00,28.78
Iter: 1
28816.00,18.24,-49.33,0.00,-9.00,0.00,0.00,0.00,28.78
Iter: 2
28882.00,19.15,-52.54,0.00,-9.00,0.00,0.00,0.00,28.78
Iter: 3
28949.00,19.15,-54.19,0.00,-9.00,0.00,0.00,0.00,28.78
Iter: 4
29016.00,19.15,-56.01,0.00,-9.00,0.00,0.00,0.00,28.78
Iter: 5
29082.00,19.83,-58.20,0.00,-9.00,0.00,0.00,0.00,28.78
Iter: 6
29149.00,19.83,-60.55,0.00,-9.00,0.00,0.00,0.00,28.78
Iter: 7
29215.00,19.83,-62.85,0.00,-9.00,0.00,0.00,0.00,28.78
Iter: 8
29282.00,19.83,-64.32,0.00,-9.00,0.00,0.00,0.00,28.78
Iter: 9
29348.00,19.83,-65.46,0.00,-9.00,0.00,0.00,0.00,28.78
count grid
0,0,0,0,0,0,0,0,0,15,0,0,0,0,0,120,43,44,0,0,0,64,3,0,0,0,0,41,0,0,0,0,0,0,0,0,
Sampled Pos-50.50,-50.50
Current Pos19.83,-65.46
current throttle:
0
-9
Iter: 0
29551.00,19.83,-67.69,0.00,-9.00,0.00,0.00,0.00,28.78
Iter: 1
29660.00,20.77,-71.17,0.00,-9.00,0.00,0.00,0.00,28.78
Iter: 2
29726.00,20.77,-74.47,0.00,-9.00,0.00,0.00,0.00,28.78
Iter: 3
29793.00,21.51,-76.29,0.00,-9.00,0.00,0.00,0.00,28.78
Iter: 4
29859.00,21.51,-77.22,0.00,-9.00,0.00,0.00,0.00,28.78
Iter: 5
29926.00,21.51,-78.62,0.00,-9.00,0.00,0.00,0.00,28.78
Iter: 6
29992.00,22.37,-80.42,0.00,-9.00,0.00,0.00,0.00,28.78
Iter: 7
30059.00,22.37,-82.30,0.00,-9.00,0.00,0.00,0.00,28.78
Iter: 8
30126.00,22.37,-84.05,0.00,-9.00,0.00,0.00,0.00,28.78
Iter: 9
30192.00,22.37,-85.04,0.00,-9.00,0.00,0.00,0.00,28.78
count grid
0,0,0,10,0,0,0,0,0,15,0,0,0,0,0,120,43,44,0,0,0,64,3,0,0,0,0,41,0,0,0,0,0,0,0,0,
Sampled Pos15.50,-83.50
Current Pos22.37,-85.04
current throttle:
-2
-7
Iter: 0
30395.00,21.86,-85.94,-2.00,-7.00,0.00,21.11,0.00,26.33
Iter: 1
30505.00,21.86,-87.78,-2.00,-7.00,0.00,21.11,0.00,26.33
Iter: 2
30574.00,21.86,-89.83,-2.00,-7.00,0.00,21.11,0.00,26.33
Iter: 3
30643.00,22.42,-90.83,-2.00,-7.00,0.00,21.11,0.00,26.33
Iter: 4
30711.00,22.42,-90.83,-2.00,-7.00,0.00,21.11,0.00,26.33
Iter: 5
30780.00,22.42,-89.58,-2.00,-7.00,0.00,21.11,0.00,26.33
Iter: 6
30849.00,22.42,-89.58,-2.00,-7.00,0.00,21.11,0.00,26.33
Iter: 7
30918.00,22.42,-89.58,-2.00,-7.00,0.00,21.11,0.00,26.33
Iter: 8
30987.00,22.42,-89.58,-2.00,-7.00,0.00,21.11,0.00,26.33
Iter: 9
31055.00,22.42,-89.58,-2.00,-7.00,0.00,21.11,0.00,26.33
count grid
0,0,0,20,0,0,0,0,0,15,0,0,0,0,0,120,43,44,0,0,0,64,3,0,0,0,0,41,0,0,0,0,0,0,0,0,
Sampled Pos81.50,81.50
Current Pos22.42,-89.58
current throttle:
-4
-5
Iter: 0
31259.00,22.42,-89.58,-4.00,-5.00,0.00,23.33,0.00,23.89
Iter: 1
31370.00,22.42,-90.53,-4.00,-5.00,0.00,23.33,0.00,23.89
Iter: 2
31438.00,22.42,-89.84,-4.00,-5.00,0.00,23.33,0.00,23.89
Iter: 3
31507.00,23.17,-88.49,-4.00,-5.00,0.00,23.33,0.00,23.89
Iter: 4
31576.00,23.17,-88.49,-4.00,-5.00,0.00,23.33,0.00,23.89
Iter: 5
31644.00,22.14,-88.49,-4.00,-5.00,0.00,23.33,0.00,23.89
Iter: 6
31713.00,22.14,-87.85,-4.00,-5.00,0.00,23.33,0.00,23.89
Iter: 7
31781.00,21.60,-87.85,-4.00,-5.00,0.00,23.33,0.00,23.89
Iter: 8
31851.00,21.60,-87.85,-4.00,-5.00,0.00,23.33,0.00,23.89
Iter: 9
31920.00,22.12,-87.85,-4.00,-5.00,0.00,23.33,0.00,23.89
count grid
0,0,0,30,0,0,0,0,0,15,0,0,0,0,0,120,43,44,0,0,0,64,3,0,0,0,0,41,0,0,0,0,0,0,0,0,
Sampled Pos-83.50,-17.50
Current Pos22.12,-87.85
current throttle:
-4
-3
Iter: 0
32125.00,22.12,-87.85,-4.00,-3.00,0.00,23.33,0.00,21.44
Iter: 1
32236.00,22.12,-86.23,-4.00,-3.00,0.00,23.33,0.00,21.44
Iter: 2
32305.00,22.12,-85.49,-4.00,-3.00,0.00,23.33,0.00,21.44
Iter: 3
32373.00,22.12,-85.49,-4.00,-3.00,0.00,23.33,0.00,21.44
Iter: 4
32442.00,22.12,-85.49,-4.00,-3.00,0.00,23.33,0.00,21.44
Iter: 5
32510.00,22.12,-85.49,-4.00,-3.00,0.00,23.33,0.00,21.44
Iter: 6
32579.00,22.12,-85.49,-4.00,-3.00,0.00,23.33,0.00,21.44
Iter: 7
32649.00,22.12,-84.29,-4.00,-3.00,0.00,23.33,0.00,21.44
Iter: 8
32717.00,22.12,-84.29,-4.00,-3.00,0.00,23.33,0.00,21.44
Iter: 9
32786.00,22.12,-83.00,-4.00,-3.00,0.00,23.33,0.00,21.44
count grid
0,0,0,40,0,0,0,0,0,15,0,0,0,0,0,120,43,44,0,0,0,64,3,0,0,0,0,41,0,0,0,0,0,0,0,0,
Sampled Pos-17.50,48.50
Current Pos22.12,-83.00
current throttle:
-3
-2
Iter: 0
32991.00,22.12,-81.57,-3.00,-2.00,0.00,22.22,0.00,20.22
Iter: 1
33101.00,22.12,-81.57,-3.00,-2.00,0.00,22.22,0.00,20.22
Iter: 2
33170.00,21.59,-81.57,-3.00,-2.00,0.00,22.22,0.00,20.22
Iter: 3
33239.00,21.59,-81.57,-3.00,-2.00,0.00,22.22,0.00,20.22
Iter: 4
33307.00,21.59,-81.57,-3.00,-2.00,0.00,22.22,0.00,20.22
Iter: 5
33376.00,21.59,-81.57,-3.00,-2.00,0.00,22.22,0.00,20.22
Iter: 6
33444.00,21.59,-81.57,-3.00,-2.00,0.00,22.22,0.00,20.22
Iter: 7
33514.00,21.59,-81.00,-3.00,-2.00,0.00,22.22,0.00,20.22
Iter: 8
33583.00,21.59,-81.00,-3.00,-2.00,0.00,22.22,0.00,20.22
Iter: 9
33651.00,21.59,-81.00,-3.00,-2.00,0.00,22.22,0.00,20.22
count grid
0,0,0,50,0,0,0,0,0,15,0,0,0,0,0,120,43,44,0,0,0,64,3,0,0,0,0,41,0,0,0,0,0,0,0,0,
Sampled Pos48.50,48.50
Current Pos21.59,-81.00
current throttle:
0
0
Iter: 0
33853.00,21.59,-81.00,0.00,0.00,0.00,0.00,0.00,0.00
Iter: 1
33959.00,21.59,-81.00,0.00,0.00,0.00,0.00,0.00,0.00
Iter: 2
34024.00,21.59,-79.64,0.00,0.00,0.00,0.00,0.00,0.00
Iter: 3
34088.00,21.59,-78.95,0.00,0.00,0.00,0.00,0.00,0.00
Iter: 4
34153.00,21.59,-78.95,0.00,0.00,0.00,0.00,0.00,0.00
Iter: 5
34217.00,21.59,-78.18,0.00,0.00,0.00,0.00,0.00,0.00
Iter: 6
34282.00,21.59,-78.18,0.00,0.00,0.00,0.00,0.00,0.00
Iter: 7
34347.00,21.59,-77.28,0.00,0.00,0.00,0.00,0.00,0.00
Iter: 8
34411.00,21.59,-77.28,0.00,0.00,0.00,0.00,0.00,0.00
Iter: 9
34476.00,21.59,-76.27,0.00,0.00,0.00,0.00,0.00,0.00
count grid
0,0,0,60,0,0,0,0,0,15,0,0,0,0,0,120,43,44,0,0,0,64,3,0,0,0,0,41,0,0,0,0,0,0,0,0,
Sampled Pos81.50,81.50
Current Pos21.59,-76.27
current throttle:
0
1
Iter: 0
34674.00,21.59,-75.53,0.00,1.00,0.00,0.00,21.00,0.00
Iter: 1
34782.00,21.59,-74.45,0.00,1.00,0.00,0.00,21.00,0.00
Iter: 2
34847.00,21.59,-73.40,0.00,1.00,0.00,0.00,21.00,0.00
Iter: 3
34913.00,20.77,-72.66,0.00,1.00,0.00,0.00,21.00,0.00
Iter: 4
34978.00,20.77,-72.11,0.00,1.00,0.00,0.00,21.00,0.00
Iter: 5
35043.00,20.22,-72.11,0.00,1.00,0.00,0.00,21.00,0.00
Iter: 6
35108.00,20.22,-71.23,0.00,1.00,0.00,0.00,21.00,0.00
Iter: 7
35174.00,19.62,-70.55,0.00,1.00,0.00,0.00,21.00,0.00
Iter: 8
35239.00,19.04,-69.85,0.00,1.00,0.00,0.00,21.00,0.00
Iter: 9
35305.00,18.41,-69.85,0.00,1.00,0.00,0.00,21.00,0.00
count grid
0,0,0,70,0,0,0,0,0,15,0,0,0,0,0,120,43,44,0,0,0,64,3,0,0,0,0,41,0,0,0,0,0,0,0,0,
Sampled Pos15.50,81.50
Current Pos18.41,-69.85
current throttle:
0
1
Iter: 0
35505.00,17.81,-68.77,0.00,1.00,0.00,0.00,21.00,0.00
Iter: 1
35612.00,17.23,-67.61,0.00,1.00,0.00,0.00,21.00,0.00
Iter: 2
35678.00,16.64,-66.66,0.00,1.00,0.00,0.00,21.00,0.00
Iter: 3
35743.00,16.64,-66.66,0.00,1.00,0.00,0.00,21.00,0.00
Iter: 4
35809.00,15.82,-66.66,0.00,1.00,0.00,0.00,21.00,0.00
Iter: 5
35874.00,15.82,-65.87,0.00,1.00,0.00,0.00,21.00,0.00
Iter: 6
35940.00,14.95,-64.94,0.00,1.00,0.00,0.00,21.00,0.00
Iter: 7
36005.00,14.95,-64.38,0.00,1.00,0.00,0.00,21.00,0.00
Iter: 8
36071.00,14.44,-63.73,0.00,1.00,0.00,0.00,21.00,0.00
Iter: 9
36136.00,14.44,-62.85,0.00,1.00,0.00,0.00,21.00,0.00
count grid
0,0,0,72,0,0,0,0,0,23,0,0,0,0,0,120,43,44,0,0,0,64,3,0,0,0,0,41,0,0,0,0,0,0,0,0,
Sampled Pos15.50,-50.50
Current Pos14.44,-62.85
current throttle:
0
-1
Iter: 0
36338.00,13.21,-62.85,0.00,-1.00,0.00,0.00,0.00,19.00
Iter: 1
36447.00,12.34,-62.85,0.00,-1.00,0.00,0.00,0.00,19.00
Iter: 2
36513.00,12.34,-62.85,0.00,-1.00,0.00,0.00,0.00,19.00
Iter: 3
36580.00,12.34,-63.41,0.00,-1.00,0.00,0.00,0.00,19.00
Iter: 4
36646.00,12.34,-64.17,0.00,-1.00,0.00,0.00,0.00,19.00
Iter: 5
36713.00,12.34,-65.06,0.00,-1.00,0.00,0.00,0.00,19.00
Iter: 6
36780.00,12.34,-65.88,0.00,-1.00,0.00,0.00,0.00,19.00
Iter: 7
36846.00,12.34,-66.59,0.00,-1.00,0.00,0.00,0.00,19.00
Iter: 8
36913.00,12.34,-67.47,0.00,-1.00,0.00,0.00,0.00,19.00
Iter: 9
36979.00,12.34,-68.43,0.00,-1.00,0.00,0.00,0.00,19.00
count grid
0,0,0,74,0,0,0,0,0,31,0,0,0,0,0,120,43,44,0,0,0,64,3,0,0,0,0,41,0,0,0,0,0,0,0,0,
Sampled Pos-17.50,-50.50
Current Pos12.34,-68.43
current throttle:
-3
0
Iter: 0
37182.00,12.34,-69.45,-3.00,0.00,0.00,22.22,0.00,0.00
Iter: 1
37291.00,12.34,-70.62,-3.00,0.00,0.00,22.22,0.00,0.00
Iter: 2
37357.00,12.34,-70.62,-3.00,0.00,0.00,22.22,0.00,0.00
Iter: 3
37424.00,12.34,-70.62,-3.00,0.00,0.00,22.22,0.00,0.00
Iter: 4
37490.00,12.34,-69.58,-3.00,0.00,0.00,22.22,0.00,0.00
Iter: 5
37557.00,13.03,-68.73,-3.00,0.00,0.00,22.22,0.00,0.00
Iter: 6
37623.00,13.03,-67.60,-3.00,0.00,0.00,22.22,0.00,0.00
Iter: 7
37690.00,13.03,-66.87,-3.00,0.00,0.00,22.22,0.00,0.00
Iter: 8
37756.00,13.03,-66.36,-3.00,0.00,0.00,22.22,0.00,0.00
Iter: 9
37823.00,13.03,-65.74,-3.00,0.00,0.00,22.22,0.00,0.00
count grid
0,0,0,81,0,0,0,0,0,34,0,0,0,0,0,120,43,44,0,0,0,64,3,0,0,0,0,41,0,0,0,0,0,0,0,0,
Sampled Pos-83.50,-17.50
Current Pos13.03,-65.74
current throttle:
-2
3
Iter: 0
38027.00,13.03,-64.81,-2.00,3.00,0.00,21.11,23.89,0.00
Iter: 1
38136.00,13.03,-62.59,-2.00,3.00,0.00,21.11,23.89,0.00
Iter: 2
38204.00,13.03,-60.10,-2.00,3.00,0.00,21.11,23.89,0.00
Iter: 3
38272.00,13.03,-59.43,-2.00,3.00,0.00,21.11,23.89,0.00
Iter: 4
38339.00,13.03,-59.43,-2.00,3.00,0.00,21.11,23.89,0.00
Iter: 5
38407.00,13.03,-58.21,-2.00,3.00,0.00,21.11,23.89,0.00
Iter: 6
38474.00,11.80,-56.33,-2.00,3.00,0.00,21.11,23.89,0.00
Iter: 7
38542.00,11.80,-55.49,-2.00,3.00,0.00,21.11,23.89,0.00
Iter: 8
38609.00,11.07,-55.49,-2.00,3.00,0.00,21.11,23.89,0.00
Iter: 9
38677.00,11.07,-55.49,-2.00,3.00,0.00,21.11,23.89,0.00
count grid
0,0,0,81,0,0,0,0,0,44,0,0,0,0,0,120,43,44,0,0,0,64,3,0,0,0,0,41,0,0,0,0,0,0,0,0,
Sampled Pos81.50,48.50
Current Pos11.07,-55.49
current throttle:
1
4
Iter: 0
38879.00,10.02,-54.53,1.00,4.00,20.00,0.00,25.33,0.00
Iter: 1
38987.00,8.94,-51.56,1.00,4.00,20.00,0.00,25.33,0.00
Iter: 2
39053.00,8.30,-48.21,1.00,4.00,20.00,0.00,25.33,0.00
Iter: 3
39118.00,8.30,-47.30,1.00,4.00,20.00,0.00,25.33,0.00
Iter: 4
39184.00,7.63,-47.90,1.00,4.00,20.00,0.00,25.33,0.00
Iter: 5
39249.00,7.06,-48.59,1.00,4.00,20.00,0.00,25.33,0.00
Iter: 6
39315.00,6.51,-48.59,1.00,4.00,20.00,0.00,25.33,0.00
Iter: 7
39380.00,6.51,-48.59,1.00,4.00,20.00,0.00,25.33,0.00
Iter: 8
39446.00,6.51,-47.68,1.00,4.00,20.00,0.00,25.33,0.00
Iter: 9
39512.00,6.51,-47.68,1.00,4.00,20.00,0.00,25.33,0.00
count grid
0,0,0,81,0,0,0,0,0,54,0,0,0,0,0,120,43,44,0,0,0,64,3,0,0,0,0,41,0,0,0,0,0,0,0,0,
Sampled Pos48.50,-17.50
Current Pos6.51,-47.68
current throttle:
3
6
Iter: 0
39710.00,5.85,-46.89,3.00,6.00,22.22,0.00,28.22,0.00
Iter: 1
39818.00,4.08,-46.89,3.00,6.00,22.22,0.00,28.22,0.00
Iter: 2
39883.00,1.87,-46.89,3.00,6.00,22.22,0.00,28.22,0.00
Iter: 3
39949.00,0.22,-46.89,3.00,6.00,22.22,0.00,28.22,0.00
Iter: 4
40014.00,-0.85,-46.29,3.00,6.00,22.22,0.00,28.22,0.00
Iter: 5
40081.00,-1.73,-46.29,3.00,6.00,22.22,0.00,28.22,0.00
Iter: 6
40147.00,-2.94,-46.29,3.00,6.00,22.22,0.00,28.22,0.00
Iter: 7
40214.00,-4.43,-46.29,3.00,6.00,22.22,0.00,28.22,0.00
Iter: 8
40281.00,-5.72,-46.29,3.00,6.00,22.22,0.00,28.22,0.00
Iter: 9
40347.00,-6.64,-46.29,3.00,6.00,22.22,0.00,28.22,0.00
count grid
0,0,0,81,0,0,0,0,5,59,0,0,0,0,0,120,43,44,0,0,0,64,3,0,0,0,0,41,0,0,0,0,0,0,0,0,
Sampled Pos48.50,-17.50
Current Pos-6.64,-46.29
current throttle:
0
6
Iter: 0
40549.00,-8.56,-46.29,0.00,6.00,0.00,0.00,28.22,0.00
Iter: 1
40656.00,-12.29,-46.29,0.00,6.00,0.00,0.00,28.22,0.00
Iter: 2
40723.00,-15.62,-46.29,0.00,6.00,0.00,0.00,28.22,0.00
Iter: 3
40790.00,-17.45,-46.29,0.00,6.00,0.00,0.00,28.22,0.00
Iter: 4
40856.00,-18.82,-46.29,0.00,6.00,0.00,0.00,28.22,0.00
Iter: 5
40923.00,-20.45,-46.29,0.00,6.00,0.00,0.00,28.22,0.00
Iter: 6
40989.00,-22.43,-46.97,0.00,6.00,0.00,0.00,28.22,0.00
Iter: 7
41056.00,-24.46,-46.97,0.00,6.00,0.00,0.00,28.22,0.00
Iter: 8
41122.00,-26.56,-46.97,0.00,6.00,0.00,0.00,28.22,0.00
Iter: 9
41189.00,-28.75,-46.97,0.00,6.00,0.00,0.00,28.22,0.00
count grid
0,0,0,81,0,0,0,0,15,59,0,0,0,0,0,120,43,44,0,0,0,64,3,0,0,0,0,41,0,0,0,0,0,0,0,0,
Sampled Pos-17.50,-50.50
Current Pos-28.75,-46.97
current throttle:
0
6
Iter: 0
41394.00,-31.62,-46.97,0.00,6.00,0.00,0.00,28.22,0.00
Iter: 1
41502.00,-35.85,-46.97,0.00,6.00,0.00,0.00,28.22,0.00
Iter: 2
41569.00,-39.80,-46.97,0.00,6.00,0.00,0.00,28.22,0.00
Iter: 3
41635.00,-42.15,-47.61,0.00,6.00,0.00,0.00,28.22,0.00
Iter: 4
41702.00,-43.84,-47.61,0.00,6.00,0.00,0.00,28.22,0.00
Iter: 5
41768.00,-45.61,-46.95,0.00,6.00,0.00,0.00,28.22,0.00
Iter: 6
41835.00,-47.40,-46.95,0.00,6.00,0.00,0.00,28.22,0.00
Iter: 7
41902.00,-49.15,-46.95,0.00,6.00,0.00,0.00,28.22,0.00
Iter: 8
41968.00,-51.02,-46.95,0.00,6.00,0.00,0.00,28.22,0.00
Iter: 9
42035.00,-52.93,-46.95,0.00,6.00,0.00,0.00,28.22,0.00
count grid
0,0,0,81,0,0,0,9,16,59,0,0,0,0,0,120,43,44,0,0,0,64,3,0,0,0,0,41,0,0,0,0,0,0,0,0,
Sampled Pos15.50,-50.50
Current Pos-52.93,-46.95
current throttle:
1
6
Iter: 0
42237.00,-55.56,-46.95,1.00,6.00,20.00,0.00,28.22,0.00
Iter: 1
42347.00,-59.48,-46.95,1.00,6.00,20.00,0.00,28.22,0.00
Iter: 2
42415.00,-62.87,-46.95,1.00,6.00,20.00,0.00,28.22,0.00
Iter: 3
42482.00,-64.47,-47.49,1.00,6.00,20.00,0.00,28.22,0.00
Iter: 4
42550.00,-65.21,-47.49,1.00,6.00,20.00,0.00,28.22,0.00
Iter: 5
42617.00,-65.82,-47.49,1.00,6.00,20.00,0.00,28.22,0.00
Iter: 6
42685.00,-66.48,-47.49,1.00,6.00,20.00,0.00,28.22,0.00
Iter: 7
42753.00,-67.39,-46.66,1.00,6.00,20.00,0.00,28.22,0.00
Iter: 8
42820.00,-68.39,-46.66,1.00,6.00,20.00,0.00,28.22,0.00
Iter: 9
42888.00,-69.16,-46.66,1.00,6.00,20.00,0.00,28.22,0.00
count grid
0,0,0,81,0,0,3,16,16,59,0,0,0,0,0,120,43,44,0,0,0,64,3,0,0,0,0,41,0,0,0,0,0,0,0,0,
Sampled Pos-17.50,-83.50
Current Pos-69.16,-46.66
current throttle:
2
4
Iter: 0
43095.00,-70.01,-47.54,2.00,4.00,21.11,0.00,25.33,0.00
Iter: 1
43204.00,-71.36,-47.54,2.00,4.00,21.11,0.00,25.33,0.00
Iter: 2
43272.00,-72.50,-47.54,2.00,4.00,21.11,0.00,25.33,0.00
Iter: 3
43339.00,-72.50,-47.54,2.00,4.00,21.11,0.00,25.33,0.00
Iter: 4
43407.00,-73.36,-47.54,2.00,4.00,21.11,0.00,25.33,0.00
Iter: 5
43474.00,-73.36,-48.41,2.00,4.00,21.11,0.00,25.33,0.00
Iter: 6
43542.00,-73.36,-48.41,2.00,4.00,21.11,0.00,25.33,0.00
Iter: 7
43610.00,-73.36,-48.41,2.00,4.00,21.11,0.00,25.33,0.00
Iter: 8
43677.00,-74.11,-48.41,2.00,4.00,21.11,0.00,25.33,0.00
Iter: 9
43745.00,-74.11,-48.41,2.00,4.00,21.11,0.00,25.33,0.00
count grid
0,0,0,81,0,0,13,16,16,59,0,0,0,0,0,120,43,44,0,0,0,64,3,0,0,0,0,41,0,0,0,0,0,0,0,0,
Sampled Pos48.50,-83.50
Current Pos-74.11,-48.41
current throttle:
1
5
Iter: 0
43952.00,-74.72,-48.41,1.00,5.00,20.00,0.00,26.78,0.00
Iter: 1
44061.00,-74.72,-48.41,1.00,5.00,20.00,0.00,26.78,0.00
Iter: 2
44129.00,-74.72,-49.18,1.00,5.00,20.00,0.00,26.78,0.00
Iter: 3
44196.00,-75.31,-49.18,1.00,5.00,20.00,0.00,26.78,0.00
Iter: 4
44264.00,-75.87,-49.98,1.00,5.00,20.00,0.00,26.78,0.00
Iter: 5
44332.00,-75.87,-49.98,1.00,5.00,20.00,0.00,26.78,0.00
Iter: 6
44399.00,-75.87,-49.98,1.00,5.00,20.00,0.00,26.78,0.00
Iter: 7
44467.00,-75.87,-49.98,1.00,5.00,20.00,0.00,26.78,0.00
Iter: 8
44534.00,-75.87,-50.67,1.00,5.00,20.00,0.00,26.78,0.00
Iter: 9
44602.00,-76.40,-50.67,1.00,5.00,20.00,0.00,26.78,0.00
count grid
0,0,0,81,0,0,23,16,16,59,0,0,0,0,0,120,43,44,0,0,0,64,3,0,0,0,0,41,0,0,0,0,0,0,0,0,
Sampled Pos-83.50,15.50
Current Pos-76.40,-50.67
current throttle:
2
5
Iter: 0
44809.00,-76.40,-50.67,2.00,5.00,21.11,0.00,26.78,0.00
Iter: 1
44918.00,-76.40,-49.85,2.00,5.00,21.11,0.00,26.78,0.00
Iter: 2
44986.00,-76.40,-49.85,2.00,5.00,21.11,0.00,26.78,0.00
Iter: 3
45053.00,-76.40,-51.12,2.00,5.00,21.11,0.00,26.78,0.00
Iter: 4
45121.00,-76.40,-51.96,2.00,5.00,21.11,0.00,26.78,0.00
Iter: 5
45189.00,-77.36,-51.96,2.00,5.00,21.11,0.00,26.78,0.00
Iter: 6
45256.00,-77.36,-51.96,2.00,5.00,21.11,0.00,26.78,0.00
Iter: 7
45324.00,-76.54,-51.96,2.00,5.00,21.11,0.00,26.78,0.00
Iter: 8
45391.00,-76.54,-51.96,2.00,5.00,21.11,0.00,26.78,0.00
Iter: 9
45459.00,-76.54,-51.96,2.00,5.00,21.11,0.00,26.78,0.00
count grid
0,0,0,81,0,0,33,16,16,59,0,0,0,0,0,120,43,44,0,0,0,64,3,0,0,0,0,41,0,0,0,0,0,0,0,0,
Sampled Pos-50.50,-17.50
Current Pos-76.54,-51.96
current throttle:
3
6
Iter: 0
45667.00,-75.79,-51.96,3.00,6.00,22.22,0.00,28.22,0.00
Iter: 1
45776.00,-75.79,-51.96,3.00,6.00,22.22,0.00,28.22,0.00
Iter: 2
45844.00,-75.79,-52.59,3.00,6.00,22.22,0.00,28.22,0.00
Iter: 3
45912.00,-76.37,-54.10,3.00,6.00,22.22,0.00,28.22,0.00
Iter: 4
45979.00,-76.37,-54.91,3.00,6.00,22.22,0.00,28.22,0.00
Iter: 5
46047.00,-75.65,-54.04,3.00,6.00,22.22,0.00,28.22,0.00
Iter: 6
46114.00,-75.65,-53.28,3.00,6.00,22.22,0.00,28.22,0.00
Iter: 7
46182.00,-75.65,-54.01,3.00,6.00,22.22,0.00,28.22,0.00
Iter: 8
46249.00,-75.65,-54.51,3.00,6.00,22.22,0.00,28.22,0.00
Iter: 9
46317.00,-75.00,-54.51,3.00,6.00,22.22,0.00,28.22,0.00
count grid
0,0,0,81,0,0,43,16,16,59,0,0,0,0,0,120,43,44,0,0,0,64,3,0,0,0,0,41,0,0,0,0,0,0,0,0,
Sampled Pos81.50,48.50
Current Pos-75.00,-54.51
current throttle:
2
3
Iter: 0
46523.00,-75.00,-54.51,2.00,3.00,21.11,0.00,23.89,0.00
Iter: 1
46632.00,-74.07,-55.16,2.00,3.00,21.11,0.00,23.89,0.00
Iter: 2
46700.00,-74.07,-56.01,2.00,3.00,21.11,0.00,23.89,0.00
Iter: 3
46768.00,-74.07,-56.67,2.00,3.00,21.11,0.00,23.89,0.00
Iter: 4
46835.00,-73.00,-56.67,2.00,3.00,21.11,0.00,23.89,0.00
Iter: 5
46903.00,-72.04,-56.67,2.00,3.00,21.11,0.00,23.89,0.00
Iter: 6
46970.00,-70.97,-56.67,2.00,3.00,21.11,0.00,23.89,0.00
Iter: 7
47038.00,-69.92,-57.58,2.00,3.00,21.11,0.00,23.89,0.00
Iter: 8
47106.00,-69.92,-57.58,2.00,3.00,21.11,0.00,23.89,0.00
Iter: 9
47173.00,-69.92,-57.58,2.00,3.00,21.11,0.00,23.89,0.00
count grid
0,0,0,81,0,0,53,16,16,59,0,0,0,0,0,120,43,44,0,0,0,64,3,0,0,0,0,41,0,0,0,0,0,0,0,0,
Sampled Pos-83.50,-83.50
Current Pos-69.92,-57.58
current throttle:
1
6
Iter: 0
47381.00,-69.92,-58.22,1.00,6.00,20.00,0.00,28.22,0.00
Iter: 1
47490.00,-68.72,-59.66,1.00,6.00,20.00,0.00,28.22,0.00
Iter: 2
47558.00,-67.40,-60.20,1.00,6.00,20.00,0.00,28.22,0.00
Iter: 3
47626.00,-66.87,-60.20,1.00,6.00,20.00,0.00,28.22,0.00
Iter: 4
47693.00,-66.87,-59.54,1.00,6.00,20.00,0.00,28.22,0.00
Iter: 5
47761.00,-66.87,-59.54,1.00,6.00,20.00,0.00,28.22,0.00
Iter: 6
47828.00,-66.87,-60.66,1.00,6.00,20.00,0.00,28.22,0.00
Iter: 7
47896.00,-65.96,-60.66,1.00,6.00,20.00,0.00,28.22,0.00
Iter: 8
47964.00,-65.96,-60.66,1.00,6.00,20.00,0.00,28.22,0.00
Iter: 9
48031.00,-65.96,-60.66,1.00,6.00,20.00,0.00,28.22,0.00
count grid
0,0,0,81,0,0,56,23,16,59,0,0,0,0,0,120,43,44,0,0,0,64,3,0,0,0,0,41,0,0,0,0,0,0,0,0,
Sampled Pos-83.50,15.50
Current Pos-65.96,-60.66
current throttle:
3
7
Iter: 0
48238.00,-65.96,-62.17,3.00,7.00,22.22,0.00,29.67,0.00
Iter: 1
48347.00,-65.96,-63.79,3.00,7.00,22.22,0.00,29.67,0.00
Iter: 2
48414.00,-65.26,-64.56,3.00,7.00,22.22,0.00,29.67,0.00
Iter: 3
48482.00,-64.72,-64.56,3.00,7.00,22.22,0.00,29.67,0.00
Iter: 4
48549.00,-64.72,-64.05,3.00,7.00,22.22,0.00,29.67,0.00
Iter: 5
48617.00,-64.72,-64.05,3.00,7.00,22.22,0.00,29.67,0.00
Iter: 6
48685.00,-63.85,-64.58,3.00,7.00,22.22,0.00,29.67,0.00
Iter: 7
48752.00,-63.85,-65.59,3.00,7.00,22.22,0.00,29.67,0.00
Iter: 8
48820.00,-63.85,-66.10,3.00,7.00,22.22,0.00,29.67,0.00
Iter: 9
48887.00,-62.76,-66.10,3.00,7.00,22.22,0.00,29.67,0.00
count grid
0,0,0,81,0,0,56,33,16,59,0,0,0,0,0,120,43,44,0,0,0,64,3,0,0,0,0,41,0,0,0,0,0,0,0,0,
Sampled Pos81.50,48.50
Current Pos-62.76,-66.10
current throttle:
4
9
Iter: 0
49093.00,-62.76,-67.37,4.00,9.00,23.33,0.00,32.56,0.00
Iter: 1
49203.00,-62.76,-68.50,4.00,9.00,23.33,0.00,32.56,0.00
Iter: 2
49270.00,-62.76,-68.50,4.00,9.00,23.33,0.00,32.56,0.00
Iter: 3
49338.00,-61.81,-68.50,4.00,9.00,23.33,0.00,32.56,0.00
Iter: 4
49405.00,-61.10,-68.50,4.00,9.00,23.33,0.00,32.56,0.00
Iter: 5
49473.00,-61.10,-68.50,4.00,9.00,23.33,0.00,32.56,0.00
Iter: 6
49541.00,-60.10,-69.15,4.00,9.00,23.33,0.00,32.56,0.00
Iter: 7
49608.00,-60.10,-70.09,4.00,9.00,23.33,0.00,32.56,0.00
Iter: 8
49676.00,-60.10,-70.75,4.00,9.00,23.33,0.00,32.56,0.00
Iter: 9
49743.00,-60.85,-71.52,4.00,9.00,23.33,0.00,32.56,0.00
count grid
0,10,0,81,0,0,56,33,16,59,0,0,0,0,0,120,43,44,0,0,0,64,3,0,0,0,0,41,0,0,0,0,0,0,0,0,
Sampled Pos-17.50,-17.50
