Time, theta_x, theta_y, PWM_PX, PWM_NX, PWM_PY, PWM_NY
1561.00,-10.17,-15.87,0.00,5.00,2.00,0.00,0.00,27.00,22.00,0.00
1679.00,-10.17,-15.87,0.00,5.00,2.00,0.00,0.00,27.00,22.00,0.00
1746.00,-10.85,-15.87,0.00,5.00,2.00,0.00,0.00,27.00,22.00,0.00
1814.00,-10.85,-15.87,0.00,5.00,2.00,0.00,0.00,27.00,22.00,0.00
1882.00,-10.85,-15.87,0.00,5.00,2.00,0.00,0.00,27.00,22.00,0.00
1949.00,-10.85,-16.38,0.00,5.00,2.00,0.00,0.00,27.00,22.00,0.00
2017.00,-10.85,-16.38,0.00,5.00,2.00,0.00,0.00,27.00,22.00,0.00
2084.00,-10.85,-16.38,0.00,5.00,2.00,0.00,0.00,27.00,22.00,0.00
2152.00,-10.85,-16.38,0.00,5.00,2.00,0.00,0.00,27.00,22.00,0.00
2220.00,-10.85,-16.38,0.00,5.00,2.00,0.00,0.00,27.00,22.00,0.00
2287.00,-10.85,-16.38,2.00,0.00,0.00,0.00,21.00,0.00,0.00,0.00
2354.00,-10.85,-16.38,2.00,0.00,0.00,0.00,21.00,0.00,0.00,0.00
2420.00,-10.85,-16.38,2.00,0.00,0.00,0.00,21.00,0.00,0.00,0.00
2487.00,-10.85,-16.38,2.00,0.00,0.00,0.00,21.00,0.00,0.00,0.00
2553.00,-10.85,-15.85,2.00,0.00,0.00,0.00,21.00,0.00,0.00,0.00
2620.00,-10.85,-15.85,2.00,0.00,0.00,0.00,21.00,0.00,0.00,0.00
2686.00,-10.85,-15.85,2.00,0.00,0.00,0.00,21.00,0.00,0.00,0.00
2753.00,-10.85,-15.85,2.00,0.00,0.00,0.00,21.00,0.00,0.00,0.00
2820.00,-10.85,-15.85,2.00,0.00,0.00,0.00,21.00,0.00,0.00,0.00
2886.00,-10.85,-15.85,2.00,0.00,0.00,0.00,21.00,0.00,0.00,0.00
2953.00,-10.85,-15.85,0.00,0.00,0.00,0.00,0.00,0.00,0.00,0.00
3018.00,-10.85,-15.85,0.00,0.00,0.00,0.00,0.00,0.00,0.00,0.00
3084.00,-10.85,-15.85,0.00,0.00,0.00,0.00,0.00,0.00,0.00,0.00
3149.00,-10.85,-15.85,0.00,0.00,0.00,0.00,0.00,0.00,0.00,0.00
3215.00,-10.85,-15.85,0.00,0.00,0.00,0.00,0.00,0.00,0.00,0.00
3280.00,-10.85,-15.85,0.00,0.00,0.00,0.00,0.00,0.00,0.00,0.00
3346.00,-10.85,-15.85,0.00,0.00,0.00,0.00,0.00,0.00,0.00,0.00
3411.00,-10.85,-15.85,0.00,0.00,0.00,0.00,0.00,0.00,0.00,0.00
3477.00,-10.85,-15.85,0.00,0.00,0.00,0.00,0.00,0.00,0.00,0.00
3543.00,-10.85,-15.85,0.00,0.00,0.00,0.00,0.00,0.00,0.00,0.00
3608.00,-10.85,-15.85,4.00,0.00,0.00,1.00,23.00,0.00,0.00,19.00
3676.00,-10.85,-15.85,4.00,0.00,0.00,1.00,23.00,0.00,0.00,19.00
3743.00,-10.85,-15.85,4.00,0.00,0.00,1.00,23.00,0.00,0.00,19.00
3811.00,-10.85,-15.85,4.00,0.00,0.00,1.00,23.00,0.00,0.00,19.00
3878.00,-10.85,-15.85,4.00,0.00,0.00,1.00,23.00,0.00,0.00,19.00
3946.00,-10.85,-15.85,4.00,0.00,0.00,1.00,23.00,0.00,0.00,19.00
4014.00,-10.85,-15.85,4.00,0.00,0.00,1.00,23.00,0.00,0.00,19.00
4081.00,-10.85,-15.27,4.00,0.00,0.00,1.00,23.00,0.00,0.00,19.00
4149.00,-10.85,-15.27,4.00,0.00,0.00,1.00,23.00,0.00,0.00,19.00
4216.00,-10.85,-15.27,4.00,0.00,0.00,1.00,23.00,0.00,0.00,19.00
4284.00,-10.85,-15.92,0.00,9.00,5.00,0.00,0.00,33.00,27.00,0.00
4352.00,-10.85,-16.64,0.00,9.00,5.00,0.00,0.00,33.00,27.00,0.00
4419.00,-10.85,-16.64,0.00,9.00,5.00,0.00,0.00,33.00,27.00,0.00
4487.00,-10.85,-16.64,0.00,9.00,5.00,0.00,0.00,33.00,27.00,0.00
4554.00,-10.85,-16.64,0.00,9.00,5.00,0.00,0.00,33.00,27.00,0.00
4622.00,-10.85,-16.10,0.00,9.00,5.00,0.00,0.00,33.00,27.00,0.00
4689.00,-10.85,-16.10,0.00,9.00,5.00,0.00,0.00,33.00,27.00,0.00
4757.00,-10.85,-16.10,0.00,9.00,5.00,0.00,0.00,33.00,27.00,0.00
4825.00,-10.85,-16.10,0.00,9.00,5.00,0.00,0.00,33.00,27.00,0.00
4892.00,-10.85,-16.10,0.00,9.00,5.00,0.00,0.00,33.00,27.00,0.00
4961.00,-10.85,-16.10,0.00,8.00,0.00,6.00,0.00,32.00,0.00,25.00
5027.00,-10.85,-16.10,0.00,8.00,0.00,6.00,0.00,32.00,0.00,25.00
5095.00,-10.85,-16.10,0.00,8.00,0.00,6.00,0.00,32.00,0.00,25.00
5163.00,-10.85,-15.59,0.00,8.00,0.00,6.00,0.00,32.00,0.00,25.00
5230.00,-10.85,-15.59,0.00,8.00,0.00,6.00,0.00,32.00,0.00,25.00
5298.00,-10.85,-15.59,0.00,8.00,0.00,6.00,0.00,32.00,0.00,25.00
5365.00,-10.85,-15.59,0.00,8.00,0.00,6.00,0.00,32.00,0.00,25.00
5433.00,-10.85,-15.59,0.00,8.00,0.00,6.00,0.00,32.00,0.00,25.00
5500.00,-10.85,-15.59,0.00,8.00,0.00,6.00,0.00,32.00,0.00,25.00
5568.00,-10.85,-15.59,0.00,8.00,0.00,6.00,0.00,32.00,0.00,25.00
5637.00,-10.85,-15.59,7.00,0.00,8.00,0.00,27.00,0.00,31.00,0.00
5703.00,-10.85,-15.59,7.00,0.00,8.00,0.00,27.00,0.00,31.00,0.00
5771.00,-10.85,-15.59,7.00,0.00,8.00,0.00,27.00,0.00,31.00,0.00
5838.00,-10.85,-15.59,7.00,0.00,8.00,0.00,27.00,0.00,31.00,0.00
5906.00,-10.85,-15.59,7.00,0.00,8.00,0.00,27.00,0.00,31.00,0.00
5974.00,-10.85,-15.59,7.00,0.00,8.00,0.00,27.00,0.00,31.00,0.00
6041.00,-10.85,-16.59,7.00,0.00,8.00,0.00,27.00,0.00,31.00,0.00
6109.00,-10.85,-16.59,7.00,0.00,8.00,0.00,27.00,0.00,31.00,0.00
6176.00,-10.85,-16.59,7.00,0.00,8.00,0.00,27.00,0.00,31.00,0.00
6244.00,-10.85,-16.59,7.00,0.00,8.00,0.00,27.00,0.00,31.00,0.00
6312.00,-10.85,-16.02,0.00,3.00,0.00,1.00,0.00,23.00,0.00,19.00
6379.00,-10.85,-16.02,0.00,3.00,0.00,1.00,0.00,23.00,0.00,19.00
6447.00,-10.85,-16.02,0.00,3.00,0.00,1.00,0.00,23.00,0.00,19.00
6514.00,-10.85,-16.02,0.00,3.00,0.00,1.00,0.00,23.00,0.00,19.00
6582.00,-10.85,-16.02,0.00,3.00,0.00,1.00,0.00,23.00,0.00,19.00
6649.00,-10.85,-16.02,0.00,3.00,0.00,1.00,0.00,23.00,0.00,19.00
6717.00,-10.85,-16.02,0.00,3.00,0.00,1.00,0.00,23.00,0.00,19.00
6785.00,-10.85,-16.02,0.00,3.00,0.00,1.00,0.00,23.00,0.00,19.00
6853.00,-10.85,-16.02,0.00,3.00,0.00,1.00,0.00,23.00,0.00,19.00
6921.00,-10.85,-16.02,0.00,3.00,0.00,1.00,0.00,23.00,0.00,19.00
6988.00,-10.85,-16.02,1.00,0.00,0.00,0.00,20.00,0.00,0.00,0.00
7055.00,-10.85,-15.50,1.00,0.00,0.00,0.00,20.00,0.00,0.00,0.00
7121.00,-10.85,-15.50,1.00,0.00,0.00,0.00,20.00,0.00,0.00,0.00
7188.00,-10.85,-15.50,1.00,0.00,0.00,0.00,20.00,0.00,0.00,0.00
7255.00,-10.85,-15.50,1.00,0.00,0.00,0.00,20.00,0.00,0.00,0.00
7321.00,-10.85,-15.50,1.00,0.00,0.00,0.00,20.00,0.00,0.00,0.00
7388.00,-10.85,-15.50,1.00,0.00,0.00,0.00,20.00,0.00,0.00,0.00
7454.00,-10.85,-16.23,1.00,0.00,0.00,0.00,20.00,0.00,0.00,0.00
7521.00,-10.85,-16.23,1.00,0.00,0.00,0.00,20.00,0.00,0.00,0.00
7587.00,-10.85,-16.23,1.00,0.00,0.00,0.00,20.00,0.00,0.00,0.00
7654.00,-10.85,-16.23,7.00,0.00,0.00,6.00,27.00,0.00,0.00,25.00
7721.00,-10.85,-16.23,7.00,0.00,0.00,6.00,27.00,0.00,0.00,25.00
7789.00,-10.85,-16.23,7.00,0.00,0.00,6.00,27.00,0.00,0.00,25.00
7857.00,-10.85,-16.23,7.00,0.00,0.00,6.00,27.00,0.00,0.00,25.00
7924.00,-10.85,-16.23,7.00,0.00,0.00,6.00,27.00,0.00,0.00,25.00
7992.00,-10.85,-16.23,7.00,0.00,0.00,6.00,27.00,0.00,0.00,25.00
8059.00,-10.85,-16.23,7.00,0.00,0.00,6.00,27.00,0.00,0.00,25.00
8127.00,-10.85,-16.23,7.00,0.00,0.00,6.00,27.00,0.00,0.00,25.00
8195.00,-10.85,-16.23,7.00,0.00,0.00,6.00,27.00,0.00,0.00,25.00
8262.00,-10.85,-16.23,7.00,0.00,0.00,6.00,27.00,0.00,0.00,25.00
8330.00,-10.85,-16.23,0.00,4.00,4.00,0.00,0.00,25.00,25.00,0.00
8397.00,-10.85,-16.23,0.00,4.00,4.00,0.00,0.00,25.00,25.00,0.00
8465.00,-10.85,-16.23,0.00,4.00,4.00,0.00,0.00,25.00,25.00,0.00
8532.00,-10.85,-15.69,0.00,4.00,4.00,0.00,0.00,25.00,25.00,0.00
8600.00,-10.85,-15.69,0.00,4.00,4.00,0.00,0.00,25.00,25.00,0.00
8668.00,-10.85,-15.69,0.00,4.00,4.00,0.00,0.00,25.00,25.00,0.00
8735.00,-10.85,-15.69,0.00,4.00,4.00,0.00,0.00,25.00,25.00,0.00
8803.00,-10.85,-15.69,0.00,4.00,4.00,0.00,0.00,25.00,25.00,0.00
8870.00,-10.85,-15.69,0.00,4.00,4.00,0.00,0.00,25.00,25.00,0.00
8938.00,-10.85,-15.69,0.00,4.00,4.00,0.00,0.00,25.00,25.00,0.00
9006.00,-10.85,-16.30,8.00,0.00,0.00,0.00,28.00,0.00,0.00,0.00
9072.00,-10.85,-16.30,8.00,0.00,0.00,0.00,28.00,0.00,0.00,0.00
9139.00,-10.85,-16.30,8.00,0.00,0.00,0.00,28.00,0.00,0.00,0.00
9205.00,-10.85,-16.30,8.00,0.00,0.00,0.00,28.00,0.00,0.00,0.00
9272.00,-10.85,-16.30,8.00,0.00,0.00,0.00,28.00,0.00,0.00,0.00
9338.00,-10.85,-16.30,8.00,0.00,0.00,0.00,28.00,0.00,0.00,0.00
9405.00,-10.85,-16.30,8.00,0.00,0.00,0.00,28.00,0.00,0.00,0.00
9472.00,-10.85,-16.30,8.00,0.00,0.00,0.00,28.00,0.00,0.00,0.00
9538.00,-10.85,-16.30,8.00,0.00,0.00,0.00,28.00,0.00,0.00,0.00
9605.00,-10.85,-16.30,8.00,0.00,0.00,0.00,28.00,0.00,0.00,0.00
9671.00,-10.85,-16.30,0.00,0.00,9.00,0.00,0.00,0.00,33.00,0.00
9738.00,-10.85,-16.30,0.00,0.00,9.00,0.00,0.00,0.00,33.00,0.00
9804.00,-10.85,-16.30,0.00,0.00,9.00,0.00,0.00,0.00,33.00,0.00
9871.00,-10.85,-16.30,0.00,0.00,9.00,0.00,0.00,0.00,33.00,0.00
9937.00,-10.85,-16.30,0.00,0.00,9.00,0.00,0.00,0.00,33.00,0.00
10004.00,-10.85,-16.30,0.00,0.00,9.00,0.00,0.00,0.00,33.00,0.00
10072.00,-10.85,-16.30,0.00,0.00,9.00,0.00,0.00,0.00,33.00,0.00
10139.00,-10.85,-16.30,0.00,0.00,9.00,0.00,0.00,0.00,33.00,0.00
10207.00,-10.85,-16.30,0.00,0.00,9.00,0.00,0.00,0.00,33.00,0.00
10274.00,-10.85,-16.30,0.00,0.00,9.00,0.00,0.00,0.00,33.00,0.00
10342.00,-10.85,-16.30,0.00,0.00,0.00,0.00,0.00,0.00,0.00,0.00
10408.00,-10.85,-16.30,0.00,0.00,0.00,0.00,0.00,0.00,0.00,0.00
10475.00,-10.85,-16.30,0.00,0.00,0.00,0.00,0.00,0.00,0.00,0.00
10542.00,-10.85,-16.30,0.00,0.00,0.00,0.00,0.00,0.00,0.00,0.00
10608.00,-10.85,-16.30,0.00,0.00,0.00,0.00,0.00,0.00,0.00,0.00
10675.00,-10.85,-16.30,0.00,0.00,0.00,0.00,0.00,0.00,0.00,0.00
10741.00,-10.85,-16.30,0.00,0.00,0.00,0.00,0.00,0.00,0.00,0.00
10808.00,-10.85,-16.30,0.00,0.00,0.00,0.00,0.00,0.00,0.00,0.00
10874.00,-10.85,-16.30,0.00,0.00,0.00,0.00,0.00,0.00,0.00,0.00
10941.00,-10.85,-16.30,0.00,0.00,0.00,0.00,0.00,0.00,0.00,0.00
11008.00,-10.85,-16.30,0.00,7.00,0.00,0.00,0.00,30.00,0.00,0.00
11075.00,-10.85,-16.30,0.00,7.00,0.00,0.00,0.00,30.00,0.00,0.00
11143.00,-10.85,-16.30,0.00,7.00,0.00,0.00,0.00,30.00,0.00,0.00
11210.00,-10.85,-16.30,0.00,7.00,0.00,0.00,0.00,30.00,0.00,0.00
11278.00,-10.85,-16.30,0.00,7.00,0.00,0.00,0.00,30.00,0.00,0.00
11345.00,-10.85,-16.30,0.00,7.00,0.00,0.00,0.00,30.00,0.00,0.00
11413.00,-10.85,-16.30,0.00,7.00,0.00,0.00,0.00,30.00,0.00,0.00
11481.00,-10.85,-16.30,0.00,7.00,0.00,0.00,0.00,30.00,0.00,0.00
11548.00,-10.85,-16.30,0.00,7.00,0.00,0.00,0.00,30.00,0.00,0.00
11616.00,-10.85,-16.30,0.00,7.00,0.00,0.00,0.00,30.00,0.00,0.00
11683.00,-10.85,-16.30,0.00,0.00,0.00,0.00,0.00,0.00,0.00,0.00
11750.00,-10.85,-16.30,0.00,0.00,0.00,0.00,0.00,0.00,0.00,0.00
11816.00,-10.85,-16.30,0.00,0.00,0.00,0.00,0.00,0.00,0.00,0.00
11883.00,-10.85,-16.30,0.00,0.00,0.00,0.00,0.00,0.00,0.00,0.00
11950.00,-10.85,-16.30,0.00,0.00,0.00,0.00,0.00,0.00,0.00,0.00
12016.00,-10.85,-16.30,0.00,0.00,0.00,0.00,0.00,0.00,0.00,0.00
12083.00,-10.85,-16.30,0.00,0.00,0.00,0.00,0.00,0.00,0.00,0.00
12149.00,-10.85,-16.30,0.00,0.00,0.00,0.00,0.00,0.00,0.00,0.00
12216.00,-10.85,-15.79,0.00,0.00,0.00,0.00,0.00,0.00,0.00,0.00
12282.00,-10.85,-15.79,0.00,0.00,0.00,0.00,0.00,0.00,0.00,0.00
12350.00,-10.85,-15.79,0.00,1.00,9.00,0.00,0.00,20.00,33.00,0.00
12418.00,-10.85,-15.79,0.00,1.00,9.00,0.00,0.00,20.00,33.00,0.00
12486.00,-10.85,-15.79,0.00,1.00,9.00,0.00,0.00,20.00,33.00,0.00
12555.00,-10.85,-15.79,0.00,1.00,9.00,0.00,0.00,20.00,33.00,0.00
12623.00,-10.85,-16.39,0.00,1.00,9.00,0.00,0.00,20.00,33.00,0.00
12692.00,-10.85,-16.39,0.00,1.00,9.00,0.00,0.00,20.00,33.00,0.00
12761.00,-10.85,-16.39,0.00,1.00,9.00,0.00,0.00,20.00,33.00,0.00
12829.00,-10.85,-16.39,0.00,1.00,9.00,0.00,0.00,20.00,33.00,0.00
12898.00,-10.85,-16.39,0.00,1.00,9.00,0.00,0.00,20.00,33.00,0.00
12966.00,-10.85,-16.39,0.00,1.00,9.00,0.00,0.00,20.00,33.00,0.00
13036.00,-10.85,-16.39,0.00,8.00,3.00,0.00,0.00,32.00,24.00,0.00
13104.00,-10.85,-16.39,0.00,8.00,3.00,0.00,0.00,32.00,24.00,0.00
13172.00,-10.85,-15.78,0.00,8.00,3.00,0.00,0.00,32.00,24.00,0.00
13241.00,-10.85,-15.78,0.00,8.00,3.00,0.00,0.00,32.00,24.00,0.00
13310.00,-10.85,-15.78,0.00,8.00,3.00,0.00,0.00,32.00,24.00,0.00
13379.00,-10.85,-15.78,0.00,8.00,3.00,0.00,0.00,32.00,24.00,0.00
13448.00,-10.85,-15.78,0.00,8.00,3.00,0.00,0.00,32.00,24.00,0.00
13516.00,-10.85,-15.78,0.00,8.00,3.00,0.00,0.00,32.00,24.00,0.00
13585.00,-10.85,-15.78,0.00,8.00,3.00,0.00,0.00,32.00,24.00,0.00
13654.00,-10.85,-16.57,0.00,8.00,3.00,0.00,0.00,32.00,24.00,0.00
13722.00,-10.85,-16.57,0.00,0.00,0.00,5.00,0.00,0.00,0.00,24.00
13790.00,-10.85,-16.57,0.00,0.00,0.00,5.00,0.00,0.00,0.00,24.00
13857.00,-10.85,-16.57,0.00,0.00,0.00,5.00,0.00,0.00,0.00,24.00
13925.00,-10.85,-16.05,0.00,0.00,0.00,5.00,0.00,0.00,0.00,24.00
13992.00,-10.85,-16.05,0.00,0.00,0.00,5.00,0.00,0.00,0.00,24.00
14060.00,-10.85,-16.05,0.00,0.00,0.00,5.00,0.00,0.00,0.00,24.00
14128.00,-10.85,-16.05,0.00,0.00,0.00,5.00,0.00,0.00,0.00,24.00
14195.00,-10.85,-16.05,0.00,0.00,0.00,5.00,0.00,0.00,0.00,24.00
14263.00,-10.85,-16.05,0.00,0.00,0.00,5.00,0.00,0.00,0.00,24.00
14330.00,-10.85,-16.05,0.00,0.00,0.00,5.00,0.00,0.00,0.00,24.00
14398.00,-10.85,-16.05,9.00,0.00,0.00,0.00,29.00,0.00,0.00,0.00
14466.00,-10.85,-16.05,9.00,0.00,0.00,0.00,29.00,0.00,0.00,0.00
14533.00,-10.85,-16.05,9.00,0.00,0.00,0.00,29.00,0.00,0.00,0.00
14601.00,-10.85,-16.05,9.00,0.00,0.00,0.00,29.00,0.00,0.00,0.00
14668.00,-10.85,-16.05,9.00,0.00,0.00,0.00,29.00,0.00,0.00,0.00
14736.00,-10.85,-16.05,9.00,0.00,0.00,0.00,29.00,0.00,0.00,0.00
14803.00,-10.85,-16.05,9.00,0.00,0.00,0.00,29.00,0.00,0.00,0.00
14871.00,-10.85,-16.05,9.00,0.00,0.00,0.00,29.00,0.00,0.00,0.00
14939.00,-10.85,-16.05,9.00,0.00,0.00,0.00,29.00,0.00,0.00,0.00
15006.00,-10.85,-16.05,9.00,0.00,0.00,0.00,29.00,0.00,0.00,0.00
15074.00,-10.85,-16.05,0.00,11.00,0.00,8.00,0.00,0.00,0.00,28.00
15142.00,-10.85,-16.05,0.00,11.00,0.00,8.00,0.00,28.00,0.00,28.00
15212.00,-10.85,-16.05,0.00,11.00,0.00,8.00,0.00,28.00,0.00,28.00
15282.00,-10.85,-16.05,0.00,11.00,0.00,8.00,0.00,28.00,0.00,28.00
15351.00,-10.85,-16.58,0.00,11.00,0.00,8.00,0.00,28.00,0.00,28.00
15421.00,-10.85,-16.58,0.00,11.00,0.00,8.00,0.00,28.00,0.00,28.00
15491.00,-10.85,-16.58,0.00,11.00,0.00,8.00,0.00,28.00,0.00,28.00
15560.00,-10.85,-15.87,0.00,11.00,0.00,8.00,0.00,28.00,0.00,28.00
15630.00,-10.85,-15.87,0.00,11.00,0.00,8.00,0.00,28.00,0.00,28.00
15699.00,-10.85,-15.87,0.00,11.00,0.00,8.00,0.00,28.00,0.00,28.00
15770.00,-10.85,-15.87,0.00,9.00,0.00,0.00,0.00,33.00,0.00,0.00
15837.00,-10.85,-15.87,0.00,9.00,0.00,0.00,0.00,33.00,0.00,0.00
15905.00,-10.85,-15.87,0.00,9.00,0.00,0.00,0.00,33.00,0.00,0.00
15972.00,-10.85,-15.87,0.00,9.00,0.00,0.00,0.00,33.00,0.00,0.00
16040.00,-10.85,-15.87,0.00,9.00,0.00,0.00,0.00,33.00,0.00,0.00
16108.00,-10.85,-15.87,0.00,9.00,0.00,0.00,0.00,33.00,0.00,0.00
16176.00,-10.85,-15.87,0.00,9.00,0.00,0.00,0.00,33.00,0.00,0.00
16243.00,-10.85,-15.87,0.00,9.00,0.00,0.00,0.00,33.00,0.00,0.00
16311.00,-10.85,-15.87,0.00,9.00,0.00,0.00,0.00,33.00,0.00,0.00
16378.00,-10.85,-15.87,0.00,9.00,0.00,0.00,0.00,33.00,0.00,0.00
16446.00,-10.85,-15.87,0.00,3.00,0.00,5.00,0.00,23.00,0.00,24.00
16515.00,-10.85,-15.87,0.00,3.00,0.00,5.00,0.00,23.00,0.00,24.00
16583.00,-10.85,-15.87,0.00,3.00,0.00,5.00,0.00,23.00,0.00,24.00
16652.00,-10.85,-15.87,0.00,3.00,0.00,5.00,0.00,23.00,0.00,24.00
16720.00,-10.85,-15.87,0.00,3.00,0.00,5.00,0.00,23.00,0.00,24.00
16789.00,-10.85,-15.87,0.00,3.00,0.00,5.00,0.00,23.00,0.00,24.00
16858.00,-10.85,-15.87,0.00,3.00,0.00,5.00,0.00,23.00,0.00,24.00
16926.00,-10.85,-15.87,0.00,3.00,0.00,5.00,0.00,23.00,0.00,24.00
16995.00,-10.85,-15.87,0.00,3.00,0.00,5.00,0.00,23.00,0.00,24.00
17063.00,-10.85,-15.87,0.00,3.00,0.00,5.00,0.00,23.00,0.00,24.00
17132.00,-10.85,-15.87,0.00,0.00,7.00,0.00,0.00,0.00,30.00,0.00
17200.00,-10.85,-15.87,0.00,0.00,7.00,0.00,0.00,0.00,30.00,0.00
17267.00,-10.85,-15.87,0.00,0.00,7.00,0.00,0.00,0.00,30.00,0.00
17335.00,-10.85,-15.87,0.00,0.00,7.00,0.00,0.00,0.00,30.00,0.00
17402.00,-10.85,-15.87,0.00,0.00,7.00,0.00,0.00,0.00,30.00,0.00
17470.00,-10.85,-15.87,0.00,0.00,7.00,0.00,0.00,0.00,30.00,0.00
17538.00,-10.85,-15.87,0.00,0.00,7.00,0.00,0.00,0.00,30.00,0.00
17605.00,-10.85,-15.87,0.00,0.00,7.00,0.00,0.00,0.00,30.00,0.00
17673.00,-10.85,-15.87,0.00,0.00,7.00,0.00,0.00,0.00,30.00,0.00
17740.00,-10.85,-15.87,0.00,0.00,7.00,0.00,0.00,0.00,30.00,0.00
17808.00,-10.85,-15.87,0.00,6.00,0.00,0.00,0.00,28.00,0.00,0.00
17875.00,-10.85,-15.87,0.00,6.00,0.00,0.00,0.00,28.00,0.00,0.00
17943.00,-10.85,-15.87,0.00,6.00,0.00,0.00,0.00,28.00,0.00,0.00
18011.00,-10.85,-15.87,0.00,6.00,0.00,0.00,0.00,28.00,0.00,0.00
18078.00,-10.85,-15.87,0.00,6.00,0.00,0.00,0.00,28.00,0.00,0.00
18146.00,-10.85,-15.87,0.00,6.00,0.00,0.00,0.00,28.00,0.00,0.00
18213.00,-10.85,-15.87,0.00,6.00,0.00,0.00,0.00,28.00,0.00,0.00
18281.00,-10.85,-15.87,0.00,6.00,0.00,0.00,0.00,28.00,0.00,0.00
18349.00,-10.85,-15.87,0.00,6.00,0.00,0.00,0.00,28.00,0.00,0.00
18416.00,-10.85,-15.87,0.00,6.00,0.00,0.00,0.00,28.00,0.00,0.00
18485.00,-10.85,-15.87,0.00,10.00,0.00,0.00,0.00,35.00,0.00,0.00
18552.00,-10.85,-15.87,0.00,10.00,0.00,0.00,0.00,35.00,0.00,0.00
18621.00,-10.85,-15.87,0.00,10.00,0.00,0.00,0.00,35.00,0.00,0.00
18690.00,-10.85,-15.87,0.00,10.00,0.00,0.00,0.00,35.00,0.00,0.00
18758.00,-10.85,-15.87,0.00,10.00,0.00,0.00,0.00,35.00,0.00,0.00
18827.00,-10.85,-15.87,0.00,10.00,0.00,0.00,0.00,35.00,0.00,0.00
18895.00,-10.85,-15.87,0.00,10.00,0.00,0.00,0.00,35.00,0.00,0.00
18964.00,-10.85,-15.87,0.00,10.00,0.00,0.00,0.00,35.00,0.00,0.00
19033.00,-10.85,-15.87,0.00,10.00,0.00,0.00,0.00,35.00,0.00,0.00
19102.00,-10.85,-15.87,0.00,10.00,0.00,0.00,0.00,35.00,0.00,0.00
19171.00,-10.85,-15.87,0.00,10.00,0.00,0.00,0.00,35.00,0.00,0.00
19239.00,-10.85,-15.87,0.00,10.00,0.00,0.00,0.00,35.00,0.00,0.00
19308.00,-10.85,-15.87,0.00,10.00,0.00,0.00,0.00,35.00,0.00,0.00
19377.00,-10.85,-15.87,0.00,10.00,0.00,0.00,0.00,35.00,0.00,0.00
19445.00,-10.85,-15.87,0.00,10.00,0.00,0.00,0.00,35.00,0.00,0.00
19514.00,-10.85,-15.87,0.00,10.00,0.00,0.00,0.00,35.00,0.00,0.00
19582.00,-10.85,-15.87,0.00,10.00,0.00,0.00,0.00,35.00,0.00,0.00
19651.00,-10.85,-15.87,0.00,10.00,0.00,0.00,0.00,35.00,0.00,0.00
19720.00,-10.85,-15.87,0.00,10.00,0.00,0.00,0.00,35.00,0.00,0.00
19788.00,-10.85,-15.87,0.00,10.00,0.00,0.00,0.00,35.00,0.00,0.00
19857.00,-10.85,-15.87,0.00,3.00,0.00,4.00,0.00,23.00,0.00,23.00
19926.00,-10.85,-15.87,0.00,3.00,0.00,4.00,0.00,23.00,0.00,23.00
19994.00,-10.85,-15.87,0.00,3.00,0.00,4.00,0.00,23.00,0.00,23.00
20063.00,-10.85,-15.87,0.00,3.00,0.00,4.00,0.00,23.00,0.00,23.00
20131.00,-10.85,-15.87,0.00,3.00,0.00,4.00,0.00,23.00,0.00,23.00
20200.00,-10.85,-15.87,0.00,3.00,0.00,4.00,0.00,23.00,0.00,23.00
20269.00,-10.85,-15.87,0.00,3.00,0.00,4.00,0.00,23.00,0.00,23.00
20337.00,-10.85,-15.87,0.00,3.00,0.00,4.00,0.00,23.00,0.00,23.00
20406.00,-10.85,-15.87,0.00,3.00,0.00,4.00,0.00,23.00,0.00,23.00
20474.00,-10.85,-15.87,0.00,3.00,0.00,4.00,0.00,23.00,0.00,23.00
20544.00,-10.85,-15.87,0.00,0.00,0.00,2.00,0.00,0.00,0.00,20.00
20611.00,-10.85,-15.87,0.00,0.00,0.00,2.00,0.00,0.00,0.00,20.00
20678.00,-10.85,-15.87,0.00,0.00,0.00,2.00,0.00,0.00,0.00,20.00
20746.00,-10.85,-15.87,0.00,0.00,0.00,2.00,0.00,0.00,0.00,20.00
20813.00,-10.85,-15.87,0.00,0.00,0.00,2.00,0.00,0.00,0.00,20.00
20881.00,-10.85,-15.87,0.00,0.00,0.00,2.00,0.00,0.00,0.00,20.00
20948.00,-10.85,-15.87,0.00,0.00,0.00,2.00,0.00,0.00,0.00,20.00
21016.00,-10.85,-15.87,0.00,0.00,0.00,2.00,0.00,0.00,0.00,20.00
21084.00,-10.85,-15.87,0.00,0.00,0.00,2.00,0.00,0.00,0.00,20.00
21151.00,-10.85,-15.87,0.00,0.00,0.00,2.00,0.00,0.00,0.00,20.00
21220.00,-10.85,-15.87,7.00,0.00,0.00,0.00,27.00,0.00,0.00,0.00
21286.00,-10.85,-15.87,7.00,0.00,0.00,0.00,27.00,0.00,0.00,0.00
21354.00,-10.85,-15.87,7.00,0.00,0.00,0.00,27.00,0.00,0.00,0.00
21422.00,-10.85,-15.87,7.00,0.00,0.00,0.00,27.00,0.00,0.00,0.00
21489.00,-10.85,-15.87,7.00,0.00,0.00,0.00,27.00,0.00,0.00,0.00
21557.00,-10.85,-15.87,7.00,0.00,0.00,0.00,27.00,0.00,0.00,0.00
21624.00,-10.85,-15.87,7.00,0.00,0.00,0.00,27.00,0.00,0.00,0.00
21692.00,-10.85,-15.87,7.00,0.00,0.00,0.00,27.00,0.00,0.00,0.00
21760.00,-10.85,-15.87,7.00,0.00,0.00,0.00,27.00,0.00,0.00,0.00
21827.00,-10.85,-15.87,7.00,0.00,0.00,0.00,27.00,0.00,0.00,0.00
21896.00,-10.85,-15.87,0.00,0.00,3.00,0.00,0.00,0.00,24.00,0.00
21963.00,-10.85,-15.87,0.00,0.00,3.00,0.00,0.00,0.00,24.00,0.00
22031.00,-10.85,-15.87,0.00,0.00,3.00,0.00,0.00,0.00,24.00,0.00
22098.00,-10.85,-15.87,0.00,0.00,3.00,0.00,0.00,0.00,24.00,0.00
22166.00,-10.85,-15.87,0.00,0.00,3.00,0.00,0.00,0.00,24.00,0.00
22234.00,-10.85,-15.87,0.00,0.00,3.00,0.00,0.00,0.00,24.00,0.00
22301.00,-10.85,-15.87,0.00,0.00,3.00,0.00,0.00,0.00,24.00,0.00
22369.00,-10.85,-15.87,0.00,0.00,3.00,0.00,0.00,0.00,24.00,0.00
22436.00,-10.85,-15.87,0.00,0.00,3.00,0.00,0.00,0.00,24.00,0.00
22504.00,-10.85,-16.42,0.00,0.00,3.00,0.00,0.00,0.00,24.00,0.00
22572.00,-10.85,-16.42,0.00,8.00,1.00,0.00,0.00,32.00,21.00,0.00
22640.00,-10.85,-16.42,0.00,8.00,1.00,0.00,0.00,32.00,21.00,0.00
22709.00,-10.85,-15.66,0.00,8.00,1.00,0.00,0.00,32.00,21.00,0.00
22777.00,-10.85,-15.66,0.00,8.00,1.00,0.00,0.00,32.00,21.00,0.00
22846.00,-10.85,-15.66,0.00,8.00,1.00,0.00,0.00,32.00,21.00,0.00
22915.00,-10.85,-15.66,0.00,8.00,1.00,0.00,0.00,32.00,21.00,0.00
22983.00,-10.85,-15.66,0.00,8.00,1.00,0.00,0.00,32.00,21.00,0.00
23052.00,-10.85,-15.66,0.00,8.00,1.00,0.00,0.00,32.00,21.00,0.00
23120.00,-10.85,-15.66,0.00,8.00,1.00,0.00,0.00,32.00,21.00,0.00
23189.00,-10.85,-15.66,0.00,8.00,1.00,0.00,0.00,32.00,21.00,0.00
23258.00,-10.85,-15.66,2.00,0.00,5.00,0.00,21.00,0.00,27.00,0.00
23326.00,-10.85,-15.66,2.00,0.00,5.00,0.00,21.00,0.00,27.00,0.00
23395.00,-10.85,-15.15,2.00,0.00,5.00,0.00,21.00,0.00,27.00,0.00
23463.00,-10.85,-15.15,2.00,0.00,5.00,0.00,21.00,0.00,27.00,0.00
23532.00,-10.85,-15.15,2.00,0.00,5.00,0.00,21.00,0.00,27.00,0.00
23601.00,-10.85,-16.04,2.00,0.00,5.00,0.00,21.00,0.00,27.00,0.00
23669.00,-10.85,-16.67,2.00,0.00,5.00,0.00,21.00,0.00,27.00,0.00
23738.00,-10.85,-16.67,2.00,0.00,5.00,0.00,21.00,0.00,27.00,0.00
23806.00,-10.85,-16.10,2.00,0.00,5.00,0.00,21.00,0.00,27.00,0.00
23875.00,-10.33,-16.10,2.00,0.00,5.00,0.00,21.00,0.00,27.00,0.00
23945.00,-10.33,-16.10,8.00,0.00,0.00,0.00,28.00,0.00,0.00,0.00
24011.00,-10.33,-16.10,8.00,0.00,0.00,0.00,28.00,0.00,0.00,0.00
24079.00,-10.33,-16.10,8.00,0.00,0.00,0.00,28.00,0.00,0.00,0.00
24146.00,-10.33,-16.10,8.00,0.00,0.00,0.00,28.00,0.00,0.00,0.00
24214.00,-10.33,-16.10,8.00,0.00,0.00,0.00,28.00,0.00,0.00,0.00
24282.00,-10.33,-16.10,8.00,0.00,0.00,0.00,28.00,0.00,0.00,0.00
24349.00,-10.33,-16.10,8.00,0.00,0.00,0.00,28.00,0.00,0.00,0.00
24417.00,-10.33,-16.10,8.00,0.00,0.00,0.00,28.00,0.00,0.00,0.00
24484.00,-10.33,-16.10,8.00,0.00,0.00,0.00,28.00,0.00,0.00,0.00
24552.00,-10.33,-16.10,8.00,0.00,0.00,0.00,28.00,0.00,0.00,0.00
24621.00,-10.33,-16.10,0.00,0.00,7.00,0.00,0.00,0.00,30.00,0.00
24687.00,-10.33,-15.56,0.00,0.00,7.00,0.00,0.00,0.00,30.00,0.00
24755.00,-10.33,-15.56,0.00,0.00,7.00,0.00,0.00,0.00,30.00,0.00
24822.00,-10.33,-15.56,0.00,0.00,7.00,0.00,0.00,0.00,30.00,0.00
24890.00,-10.33,-15.56,0.00,0.00,7.00,0.00,0.00,0.00,30.00,0.00
24958.00,-10.33,-16.32,0.00,0.00,7.00,0.00,0.00,0.00,30.00,0.00
25026.00,-10.33,-16.32,0.00,0.00,7.00,0.00,0.00,0.00,30.00,0.00
25094.00,-10.33,-16.32,0.00,0.00,7.00,0.00,0.00,0.00,30.00,0.00
25161.00,-10.33,-16.32,0.00,0.00,7.00,0.00,0.00,0.00,30.00,0.00
25229.00,-10.33,-16.32,0.00,0.00,7.00,0.00,0.00,0.00,30.00,0.00
25296.00,-10.33,-16.32,0.00,0.00,3.00,0.00,0.00,0.00,24.00,0.00
25364.00,-10.33,-16.32,0.00,0.00,3.00,0.00,0.00,0.00,24.00,0.00
25432.00,-10.33,-16.32,0.00,0.00,3.00,0.00,0.00,0.00,24.00,0.00
25499.00,-10.33,-16.32,0.00,0.00,3.00,0.00,0.00,0.00,24.00,0.00
25567.00,-10.33,-16.32,0.00,0.00,3.00,0.00,0.00,0.00,24.00,0.00
25634.00,-10.33,-16.32,0.00,0.00,3.00,0.00,0.00,0.00,24.00,0.00
25702.00,-10.33,-16.32,0.00,0.00,3.00,0.00,0.00,0.00,24.00,0.00
25769.00,-10.33,-16.32,0.00,0.00,3.00,0.00,0.00,0.00,24.00,0.00
25837.00,-10.33,-16.32,0.00,0.00,3.00,0.00,0.00,0.00,24.00,0.00
25905.00,-10.33,-16.32,0.00,0.00,3.00,0.00,0.00,0.00,24.00,0.00
25972.00,-10.33,-16.32,0.00,8.00,0.00,3.00,0.00,32.00,0.00,21.00
26041.00,-10.33,-16.32,0.00,8.00,0.00,3.00,0.00,32.00,0.00,21.00
26109.00,-10.33,-16.32,0.00,8.00,0.00,3.00,0.00,32.00,0.00,21.00
26178.00,-10.33,-15.56,0.00,8.00,0.00,3.00,0.00,32.00,0.00,21.00
26247.00,-10.33,-15.56,0.00,8.00,0.00,3.00,0.00,32.00,0.00,21.00
26315.00,-10.33,-15.56,0.00,8.00,0.00,3.00,0.00,32.00,0.00,21.00
26384.00,-10.33,-15.56,0.00,8.00,0.00,3.00,0.00,32.00,0.00,21.00
26452.00,-10.33,-16.32,0.00,8.00,0.00,3.00,0.00,32.00,0.00,21.00
26521.00,-10.33,-16.32,0.00,8.00,0.00,3.00,0.00,32.00,0.00,21.00
26590.00,-10.33,-16.32,0.00,8.00,0.00,3.00,0.00,32.00,0.00,21.00
26659.00,-10.33,-16.32,1.00,0.00,7.00,0.00,20.00,0.00,30.00,0.00
26727.00,-10.33,-16.32,1.00,0.00,7.00,0.00,20.00,0.00,30.00,0.00
26796.00,-10.33,-16.32,1.00,0.00,7.00,0.00,20.00,0.00,30.00,0.00
26864.00,-10.33,-16.32,1.00,0.00,7.00,0.00,20.00,0.00,30.00,0.00
26933.00,-10.33,-16.32,1.00,0.00,7.00,0.00,20.00,0.00,30.00,0.00
27001.00,-10.33,-16.32,1.00,0.00,7.00,0.00,20.00,0.00,30.00,0.00
27070.00,-10.33,-16.32,1.00,0.00,7.00,0.00,20.00,0.00,30.00,0.00
27139.00,-10.33,-16.32,1.00,0.00,7.00,0.00,20.00,0.00,30.00,0.00
27207.00,-10.33,-16.32,1.00,0.00,7.00,0.00,20.00,0.00,30.00,0.00
27276.00,-10.33,-16.32,1.00,0.00,7.00,0.00,20.00,0.00,30.00,0.00
27345.00,-10.33,-15.78,7.00,0.00,0.00,0.00,27.00,0.00,0.00,0.00
27412.00,-10.33,-15.78,7.00,0.00,0.00,0.00,27.00,0.00,0.00,0.00
27480.00,-10.33,-15.78,7.00,0.00,0.00,0.00,27.00,0.00,0.00,0.00
27547.00,-10.33,-15.78,7.00,0.00,0.00,0.00,27.00,0.00,0.00,0.00
27615.00,-10.33,-15.78,7.00,0.00,0.00,0.00,27.00,0.00,0.00,0.00
27682.00,-10.33,-15.78,7.00,0.00,0.00,0.00,27.00,0.00,0.00,0.00
27750.00,-10.33,-15.78,7.00,0.00,0.00,0.00,27.00,0.00,0.00,0.00
27817.00,-10.33,-15.78,7.00,0.00,0.00,0.00,27.00,0.00,0.00,0.00
27886.00,-10.33,-15.78,7.00,0.00,0.00,0.00,27.00,0.00,0.00,0.00
27954.00,-10.33,-15.78,7.00,0.00,0.00,0.00,27.00,0.00,0.00,0.00
28021.00,-10.33,-15.78,0.00,0.00,11.00,0.00,0.00,0.00,0.00,0.00
28089.00,-10.33,-15.78,0.00,0.00,11.00,0.00,0.00,0.00,0.00,0.00
28156.00,-10.33,-15.78,0.00,0.00,11.00,0.00,0.00,0.00,0.00,0.00
28224.00,-10.33,-15.78,0.00,0.00,11.00,0.00,0.00,0.00,0.00,0.00
28292.00,-10.33,-15.78,0.00,0.00,11.00,0.00,0.00,0.00,0.00,0.00
28359.00,-10.33,-15.78,0.00,0.00,11.00,0.00,0.00,0.00,0.00,0.00
28427.00,-10.33,-15.78,0.00,0.00,11.00,0.00,0.00,0.00,0.00,0.00
28494.00,-10.33,-15.78,0.00,0.00,11.00,0.00,0.00,0.00,0.00,0.00
28562.00,-10.33,-15.78,0.00,0.00,11.00,0.00,0.00,0.00,0.00,0.00
28630.00,-10.33,-15.78,0.00,0.00,11.00,0.00,0.00,0.00,0.00,0.00
28697.00,-10.33,-15.78,0.00,0.00,0.00,2.00,0.00,0.00,0.00,20.00
28765.00,-10.33,-15.78,0.00,0.00,0.00,2.00,0.00,0.00,0.00,20.00
28832.00,-10.33,-15.78,0.00,0.00,0.00,2.00,0.00,0.00,0.00,20.00
28900.00,-10.33,-15.78,0.00,0.00,0.00,2.00,0.00,0.00,0.00,20.00
28967.00,-10.33,-15.78,0.00,0.00,0.00,2.00,0.00,0.00,0.00,20.00
29035.00,-10.33,-15.78,0.00,0.00,0.00,2.00,0.00,0.00,0.00,20.00
29103.00,-10.33,-15.78,0.00,0.00,0.00,2.00,0.00,0.00,0.00,20.00
29170.00,-10.33,-15.78,0.00,0.00,0.00,2.00,0.00,0.00,0.00,20.00
29238.00,-10.33,-15.78,0.00,0.00,0.00,2.00,0.00,0.00,0.00,20.00
29305.00,-10.33,-15.78,0.00,0.00,0.00,2.00,0.00,0.00,0.00,20.00
29373.00,-10.33,-15.78,0.00,5.00,0.00,5.00,0.00,27.00,0.00,24.00
29442.00,-10.33,-15.78,0.00,5.00,0.00,5.00,0.00,27.00,0.00,24.00
29510.00,-10.33,-15.78,0.00,5.00,0.00,5.00,0.00,27.00,0.00,24.00
29579.00,-10.33,-15.78,0.00,5.00,0.00,5.00,0.00,27.00,0.00,24.00
29647.00,-10.33,-16.29,0.00,5.00,0.00,5.00,0.00,27.00,0.00,24.00
29716.00,-10.33,-16.29,0.00,5.00,0.00,5.00,0.00,27.00,0.00,24.00
29785.00,-10.33,-16.29,0.00,5.00,0.00,5.00,0.00,27.00,0.00,24.00
29853.00,-10.33,-16.29,0.00,5.00,0.00,5.00,0.00,27.00,0.00,24.00
29922.00,-10.33,-16.29,0.00,5.00,0.00,5.00,0.00,27.00,0.00,24.00
29990.00,-10.33,-16.29,0.00,5.00,0.00,5.00,0.00,27.00,0.00,24.00
30060.00,-10.33,-16.29,2.00,0.00,0.00,5.00,21.00,0.00,0.00,24.00
30128.00,-10.33,-16.29,2.00,0.00,0.00,5.00,21.00,0.00,0.00,24.00
30196.00,-10.33,-16.29,2.00,0.00,0.00,5.00,21.00,0.00,0.00,24.00
30265.00,-10.33,-16.29,2.00,0.00,0.00,5.00,21.00,0.00,0.00,24.00
30333.00,-10.33,-15.77,2.00,0.00,0.00,5.00,21.00,0.00,0.00,24.00
30402.00,-10.33,-15.77,2.00,0.00,0.00,5.00,21.00,0.00,0.00,24.00
30471.00,-10.33,-15.77,2.00,0.00,0.00,5.00,21.00,0.00,0.00,24.00
30539.00,-10.33,-15.77,2.00,0.00,0.00,5.00,21.00,0.00,0.00,24.00
30608.00,-10.33,-15.77,2.00,0.00,0.00,5.00,21.00,0.00,0.00,24.00
30676.00,-10.33,-16.72,2.00,0.00,0.00,5.00,21.00,0.00,0.00,24.00
30746.00,-10.33,-16.72,1.00,0.00,0.00,1.00,20.00,0.00,0.00,19.00
30814.00,-10.33,-16.14,1.00,0.00,0.00,1.00,20.00,0.00,0.00,19.00
30883.00,-10.33,-16.14,1.00,0.00,0.00,1.00,20.00,0.00,0.00,19.00
30952.00,-10.33,-16.14,1.00,0.00,0.00,1.00,20.00,0.00,0.00,19.00
31021.00,-10.33,-16.14,1.00,0.00,0.00,1.00,20.00,0.00,0.00,19.00
31089.00,-10.33,-16.14,1.00,0.00,0.00,1.00,20.00,0.00,0.00,19.00
31158.00,-10.33,-16.14,1.00,0.00,0.00,1.00,20.00,0.00,0.00,19.00
31226.00,-10.33,-16.14,1.00,0.00,0.00,1.00,20.00,0.00,0.00,19.00
31295.00,-10.33,-16.14,1.00,0.00,0.00,1.00,20.00,0.00,0.00,19.00
31364.00,-10.33,-16.14,1.00,0.00,0.00,1.00,20.00,0.00,0.00,19.00
31432.00,-10.33,-16.14,11.00,0.00,0.00,0.00,19.00,0.00,0.00,0.00
31501.00,-10.33,-16.14,11.00,0.00,0.00,0.00,0.00,0.00,0.00,0.00
31568.00,-10.33,-16.14,11.00,0.00,0.00,0.00,0.00,0.00,0.00,0.00
31636.00,-10.33,-16.14,11.00,0.00,0.00,0.00,0.00,0.00,0.00,0.00
31704.00,-10.33,-16.14,11.00,0.00,0.00,0.00,0.00,0.00,0.00,0.00
31771.00,-10.33,-16.14,11.00,0.00,0.00,0.00,0.00,0.00,0.00,0.00
31839.00,-10.33,-16.14,11.00,0.00,0.00,0.00,0.00,0.00,0.00,0.00
31906.00,-10.33,-16.14,11.00,0.00,0.00,0.00,0.00,0.00,0.00,0.00
31974.00,-10.33,-16.14,11.00,0.00,0.00,0.00,0.00,0.00,0.00,0.00
32041.00,-10.33,-16.14,11.00,0.00,0.00,0.00,0.00,0.00,0.00,0.00
32109.00,-10.33,-16.14,0.00,0.00,3.00,0.00,0.00,0.00,24.00,0.00
32177.00,-10.33,-16.14,0.00,0.00,3.00,0.00,0.00,0.00,24.00,0.00
32244.00,-10.33,-16.14,0.00,0.00,3.00,0.00,0.00,0.00,24.00,0.00
32312.00,-10.33,-16.14,0.00,0.00,3.00,0.00,0.00,0.00,24.00,0.00
32379.00,-10.33,-16.14,0.00,0.00,3.00,0.00,0.00,0.00,24.00,0.00
32447.00,-10.33,-16.14,0.00,0.00,3.00,0.00,0.00,0.00,24.00,0.00
32515.00,-10.33,-16.14,0.00,0.00,3.00,0.00,0.00,0.00,24.00,0.00
32582.00,-10.33,-16.14,0.00,0.00,3.00,0.00,0.00,0.00,24.00,0.00
32650.00,-10.33,-16.14,0.00,0.00,3.00,0.00,0.00,0.00,24.00,0.00
32717.00,-10.33,-16.14,0.00,0.00,3.00,0.00,0.00,0.00,24.00,0.00
32786.00,-10.33,-16.14,2.00,0.00,0.00,0.00,21.00,0.00,0.00,0.00
32852.00,-10.33,-16.14,2.00,0.00,0.00,0.00,21.00,0.00,0.00,0.00
32920.00,-10.33,-16.14,2.00,0.00,0.00,0.00,21.00,0.00,0.00,0.00
32988.00,-10.33,-16.14,2.00,0.00,0.00,0.00,21.00,0.00,0.00,0.00
33055.00,-10.33,-16.14,2.00,0.00,0.00,0.00,21.00,0.00,0.00,0.00
33123.00,-10.33,-16.14,2.00,0.00,0.00,0.00,21.00,0.00,0.00,0.00
33190.00,-10.33,-16.14,2.00,0.00,0.00,0.00,21.00,0.00,0.00,0.00
33258.00,-10.33,-16.14,2.00,0.00,0.00,0.00,21.00,0.00,0.00,0.00
33326.00,-10.33,-16.14,2.00,0.00,0.00,0.00,21.00,0.00,0.00,0.00
33393.00,-10.33,-16.14,2.00,0.00,0.00,0.00,21.00,0.00,0.00,0.00
33462.00,-10.33,-16.14,0.00,1.00,0.00,3.00,0.00,20.00,0.00,21.00
33529.00,-10.33,-16.14,0.00,1.00,0.00,3.00,0.00,20.00,0.00,21.00
33598.00,-10.33,-16.14,0.00,1.00,0.00,3.00,0.00,20.00,0.00,21.00
33667.00,-10.33,-16.14,0.00,1.00,0.00,3.00,0.00,20.00,0.00,21.00
33735.00,-10.33,-16.14,0.00,1.00,0.00,3.00,0.00,20.00,0.00,21.00
33804.00,-10.33,-16.14,0.00,1.00,0.00,3.00,0.00,20.00,0.00,21.00
33872.00,-10.33,-16.14,0.00,1.00,0.00,3.00,0.00,20.00,0.00,21.00
33941.00,-10.33,-16.14,0.00,1.00,0.00,3.00,0.00,20.00,0.00,21.00
34011.00,-10.33,-16.14,0.00,1.00,0.00,3.00,0.00,20.00,0.00,21.00
34079.00,-10.33,-16.14,0.00,1.00,0.00,3.00,0.00,20.00,0.00,21.00
34148.00,-10.33,-16.14,0.00,0.00,0.00,3.00,0.00,0.00,0.00,21.00
34215.00,-10.33,-16.14,0.00,0.00,0.00,3.00,0.00,0.00,0.00,21.00
34283.00,-10.33,-16.14,0.00,0.00,0.00,3.00,0.00,0.00,0.00,21.00
34351.00,-10.33,-16.14,0.00,0.00,0.00,3.00,0.00,0.00,0.00,21.00
34418.00,-10.33,-16.14,0.00,0.00,0.00,3.00,0.00,0.00,0.00,21.00
34486.00,-10.33,-16.14,0.00,0.00,0.00,3.00,0.00,0.00,0.00,21.00
34553.00,-10.33,-16.14,0.00,0.00,0.00,3.00,0.00,0.00,0.00,21.00
34621.00,-10.33,-16.14,0.00,0.00,0.00,3.00,0.00,0.00,0.00,21.00
34689.00,-10.33,-16.14,0.00,0.00,0.00,3.00,0.00,0.00,0.00,21.00
34756.00,-10.33,-16.14,0.00,0.00,0.00,3.00,0.00,0.00,0.00,21.00
34824.00,-10.33,-16.14,4.00,0.00,0.00,0.00,23.00,0.00,0.00,0.00
34891.00,-10.33,-16.14,4.00,0.00,0.00,0.00,23.00,0.00,0.00,0.00
34959.00,-10.33,-16.14,4.00,0.00,0.00,0.00,23.00,0.00,0.00,0.00
35026.00,-10.33,-16.14,4.00,0.00,0.00,0.00,23.00,0.00,0.00,0.00
35094.00,-10.33,-16.14,4.00,0.00,0.00,0.00,23.00,0.00,0.00,0.00
35162.00,-10.33,-16.14,4.00,0.00,0.00,0.00,23.00,0.00,0.00,0.00
35229.00,-10.33,-16.14,4.00,0.00,0.00,0.00,23.00,0.00,0.00,0.00
35297.00,-10.33,-16.14,4.00,0.00,0.00,0.00,23.00,0.00,0.00,0.00
35364.00,-10.33,-16.14,4.00,0.00,0.00,0.00,23.00,0.00,0.00,0.00
35432.00,-10.33,-16.14,4.00,0.00,0.00,0.00,23.00,0.00,0.00,0.00
35500.00,-10.33,-16.14,0.00,0.00,0.00,0.00,0.00,0.00,0.00,0.00
35566.00,-10.33,-16.14,0.00,0.00,0.00,0.00,0.00,0.00,0.00,0.00
35633.00,-10.33,-16.14,0.00,0.00,0.00,0.00,0.00,0.00,0.00,0.00
35699.00,-10.33,-16.14,0.00,0.00,0.00,0.00,0.00,0.00,0.00,0.00
35766.00,-10.33,-16.14,0.00,0.00,0.00,0.00,0.00,0.00,0.00,0.00
35832.00,-10.33,-16.14,0.00,0.00,0.00,0.00,0.00,0.00,0.00,0.00
35899.00,-10.33,-16.14,0.00,0.00,0.00,0.00,0.00,0.00,0.00,0.00
35965.00,-10.33,-16.14,0.00,0.00,0.00,0.00,0.00,0.00,0.00,0.00
36032.00,-10.33,-16.14,0.00,0.00,0.00,0.00,0.00,0.00,0.00,0.00
36099.00,-10.33,-16.14,0.00,0.00,0.00,0.00,0.00,0.00,0.00,0.00
36165.00,-10.33,-16.14,3.00,0.00,0.00,11.00,22.00,0.00,0.00,0.00
36234.00,-10.33,-16.14,3.00,0.00,0.00,11.00,22.00,0.00,0.00,0.00
36302.00,-10.33,-16.14,3.00,0.00,0.00,11.00,22.00,0.00,0.00,0.00
36371.00,-10.33,-16.14,3.00,0.00,0.00,11.00,22.00,0.00,0.00,0.00
36440.00,-10.33,-16.14,3.00,0.00,0.00,11.00,22.00,0.00,0.00,0.00
36508.00,-10.33,-16.14,3.00,0.00,0.00,11.00,22.00,0.00,0.00,0.00
36577.00,-10.33,-16.14,3.00,0.00,0.00,11.00,22.00,0.00,0.00,0.00
36645.00,-10.33,-16.14,3.00,0.00,0.00,11.00,22.00,0.00,0.00,0.00
36714.00,-10.33,-16.14,3.00,0.00,0.00,11.00,22.00,0.00,0.00,0.00
36783.00,-10.33,-16.14,3.00,0.00,0.00,11.00,22.00,0.00,0.00,0.00
36852.00,-10.33,-16.14,0.00,0.00,0.00,5.00,0.00,0.00,0.00,24.00
36919.00,-10.33,-16.14,0.00,0.00,0.00,5.00,0.00,0.00,0.00,24.00
36986.00,-10.33,-16.14,0.00,0.00,0.00,5.00,0.00,0.00,0.00,24.00
37054.00,-10.33,-16.14,0.00,0.00,0.00,5.00,0.00,0.00,0.00,24.00
37122.00,-10.33,-16.14,0.00,0.00,0.00,5.00,0.00,0.00,0.00,24.00
37189.00,-10.33,-16.14,0.00,0.00,0.00,5.00,0.00,0.00,0.00,24.00
37257.00,-10.33,-16.14,0.00,0.00,0.00,5.00,0.00,0.00,0.00,24.00
37324.00,-10.33,-16.14,0.00,0.00,0.00,5.00,0.00,0.00,0.00,24.00
37392.00,-10.33,-16.14,0.00,0.00,0.00,5.00,0.00,0.00,0.00,24.00
37459.00,-10.33,-16.14,0.00,0.00,0.00,5.00,0.00,0.00,0.00,24.00
37528.00,-10.33,-16.14,0.00,9.00,4.00,0.00,0.00,33.00,25.00,0.00
37596.00,-10.33,-16.14,0.00,9.00,4.00,0.00,0.00,33.00,25.00,0.00
37664.00,-10.33,-16.14,0.00,9.00,4.00,0.00,0.00,33.00,25.00,0.00
37733.00,-10.33,-16.14,0.00,9.00,4.00,0.00,0.00,33.00,25.00,0.00
37801.00,-10.33,-16.14,0.00,9.00,4.00,0.00,0.00,33.00,25.00,0.00
37871.00,-10.33,-16.14,0.00,9.00,4.00,0.00,0.00,33.00,25.00,0.00
37940.00,-10.33,-16.14,0.00,9.00,4.00,0.00,0.00,33.00,25.00,0.00
38008.00,-10.33,-16.14,0.00,9.00,4.00,0.00,0.00,33.00,25.00,0.00
38077.00,-10.33,-16.14,0.00,9.00,4.00,0.00,0.00,33.00,25.00,0.00
38146.00,-10.33,-16.14,0.00,9.00,4.00,0.00,0.00,33.00,25.00,0.00
38214.00,-10.33,-16.14,0.00,8.00,8.00,0.00,0.00,32.00,31.00,0.00
38283.00,-10.33,-16.14,0.00,8.00,8.00,0.00,0.00,32.00,31.00,0.00
38351.00,-10.33,-16.14,0.00,8.00,8.00,0.00,0.00,32.00,31.00,0.00
38420.00,-10.33,-16.14,0.00,8.00,8.00,0.00,0.00,32.00,31.00,0.00
38489.00,-10.33,-16.14,0.00,8.00,8.00,0.00,0.00,32.00,31.00,0.00
38557.00,-10.33,-16.14,0.00,8.00,8.00,0.00,0.00,32.00,31.00,0.00
38626.00,-10.33,-16.14,0.00,8.00,8.00,0.00,0.00,32.00,31.00,0.00
38694.00,-10.33,-16.14,0.00,8.00,8.00,0.00,0.00,32.00,31.00,0.00
38763.00,-10.33,-16.14,0.00,8.00,8.00,0.00,0.00,32.00,31.00,0.00
38832.00,-10.33,-16.14,0.00,8.00,8.00,0.00,0.00,32.00,31.00,0.00
38900.00,-10.33,-16.14,0.00,0.00,2.00,0.00,0.00,0.00,22.00,0.00
38968.00,-10.33,-16.14,0.00,0.00,2.00,0.00,0.00,0.00,22.00,0.00
39035.00,-10.33,-16.14,0.00,0.00,2.00,0.00,0.00,0.00,22.00,0.00
39103.00,-10.33,-16.14,0.00,0.00,2.00,0.00,0.00,0.00,22.00,0.00
39171.00,-10.33,-16.14,0.00,0.00,2.00,0.00,0.00,0.00,22.00,0.00
39238.00,-10.33,-16.14,0.00,0.00,2.00,0.00,0.00,0.00,22.00,0.00
39306.00,-10.33,-16.14,0.00,0.00,2.00,0.00,0.00,0.00,22.00,0.00
39373.00,-10.33,-16.14,0.00,0.00,2.00,0.00,0.00,0.00,22.00,0.00
39441.00,-10.33,-16.14,0.00,0.00,2.00,0.00,0.00,0.00,22.00,0.00
39508.00,-10.33,-16.14,0.00,0.00,2.00,0.00,0.00,0.00,22.00,0.00
39577.00,-10.33,-16.14,10.00,0.00,0.00,0.00,30.00,0.00,0.00,0.00
39645.00,-10.33,-16.14,10.00,0.00,0.00,0.00,30.00,0.00,0.00,0.00
39713.00,-10.33,-16.14,10.00,0.00,0.00,0.00,30.00,0.00,0.00,0.00
39782.00,-10.33,-16.14,10.00,0.00,0.00,0.00,30.00,0.00,0.00,0.00
39851.00,-10.33,-16.14,10.00,0.00,0.00,0.00,30.00,0.00,0.00,0.00
39919.00,-10.33,-16.14,10.00,0.00,0.00,0.00,30.00,0.00,0.00,0.00
39988.00,-10.33,-15.62,10.00,0.00,0.00,0.00,30.00,0.00,0.00,0.00
40056.00,-10.33,-15.62,10.00,0.00,0.00,0.00,30.00,0.00,0.00,0.00
40125.00,-10.33,-16.40,10.00,0.00,0.00,0.00,30.00,0.00,0.00,0.00
40194.00,-10.33,-16.40,10.00,0.00,0.00,0.00,30.00,0.00,0.00,0.00
40263.00,-10.33,-16.40,9.00,0.00,0.00,2.00,29.00,0.00,0.00,20.00
40331.00,-10.33,-16.40,9.00,0.00,0.00,2.00,29.00,0.00,0.00,20.00
40400.00,-10.33,-16.40,9.00,0.00,0.00,2.00,29.00,0.00,0.00,20.00
40469.00,-10.33,-16.40,9.00,0.00,0.00,2.00,29.00,0.00,0.00,20.00
40538.00,-10.33,-16.40,9.00,0.00,0.00,2.00,29.00,0.00,0.00,20.00
40606.00,-10.33,-16.40,9.00,0.00,0.00,2.00,29.00,0.00,0.00,20.00
40675.00,-10.33,-16.40,9.00,0.00,0.00,2.00,29.00,0.00,0.00,20.00
40743.00,-10.33,-16.40,9.00,0.00,0.00,2.00,29.00,0.00,0.00,20.00
40812.00,-10.33,-16.40,9.00,0.00,0.00,2.00,29.00,0.00,0.00,20.00
40881.00,-10.33,-16.40,9.00,0.00,0.00,2.00,29.00,0.00,0.00,20.00
40949.00,-10.33,-16.40,0.00,9.00,0.00,7.00,0.00,33.00,0.00,26.00
41018.00,-10.33,-15.81,0.00,9.00,0.00,7.00,0.00,33.00,0.00,26.00
41086.00,-10.33,-15.81,0.00,9.00,0.00,7.00,0.00,33.00,0.00,26.00
41155.00,-10.33,-15.81,0.00,9.00,0.00,7.00,0.00,33.00,0.00,26.00
41224.00,-10.33,-15.81,0.00,9.00,0.00,7.00,0.00,33.00,0.00,26.00
41292.00,-10.33,-15.81,0.00,9.00,0.00,7.00,0.00,33.00,0.00,26.00
41361.00,-10.33,-15.81,0.00,9.00,0.00,7.00,0.00,33.00,0.00,26.00
41430.00,-10.33,-16.56,0.00,9.00,0.00,7.00,0.00,33.00,0.00,26.00
41498.00,-10.33,-16.56,0.00,9.00,0.00,7.00,0.00,33.00,0.00,26.00
41567.00,-10.33,-16.56,0.00,9.00,0.00,7.00,0.00,33.00,0.00,26.00
41636.00,-10.33,-16.56,0.00,2.00,9.00,0.00,0.00,22.00,33.00,0.00
41704.00,-10.33,-16.56,0.00,2.00,9.00,0.00,0.00,22.00,33.00,0.00
41773.00,-10.33,-16.56,0.00,2.00,9.00,0.00,0.00,22.00,33.00,0.00
41841.00,-10.33,-16.56,0.00,2.00,9.00,0.00,0.00,22.00,33.00,0.00
41910.00,-10.33,-16.03,0.00,2.00,9.00,0.00,0.00,22.00,33.00,0.00
41978.00,-10.33,-16.03,0.00,2.00,9.00,0.00,0.00,22.00,33.00,0.00
42047.00,-10.33,-16.03,0.00,2.00,9.00,0.00,0.00,22.00,33.00,0.00
42116.00,-10.33,-16.03,0.00,2.00,9.00,0.00,0.00,22.00,33.00,0.00
42184.00,-10.33,-16.03,0.00,2.00,9.00,0.00,0.00,22.00,33.00,0.00
42253.00,-10.33,-16.03,0.00,2.00,9.00,0.00,0.00,22.00,33.00,0.00
42322.00,-10.33,-16.03,10.00,0.00,2.00,0.00,30.00,0.00,22.00,0.00
42391.00,-10.33,-16.03,10.00,0.00,2.00,0.00,30.00,0.00,22.00,0.00
42461.00,-10.33,-16.03,10.00,0.00,2.00,0.00,30.00,0.00,22.00,0.00
42531.00,-10.33,-16.03,10.00,0.00,2.00,0.00,30.00,0.00,22.00,0.00
42601.00,-10.33,-15.53,10.00,0.00,2.00,0.00,30.00,0.00,22.00,0.00
42671.00,-10.33,-15.53,10.00,0.00,2.00,0.00,30.00,0.00,22.00,0.00
42740.00,-10.33,-16.66,10.00,0.00,2.00,0.00,30.00,0.00,22.00,0.00
42810.00,-10.33,-16.66,10.00,0.00,2.00,0.00,30.00,0.00,22.00,0.00
42880.00,-10.33,-16.66,10.00,0.00,2.00,0.00,30.00,0.00,22.00,0.00
42949.00,-10.33,-16.66,10.00,0.00,2.00,0.00,30.00,0.00,22.00,0.00
43019.00,-10.33,-16.66,0.00,0.00,9.00,0.00,0.00,0.00,33.00,0.00
43086.00,-10.33,-16.12,0.00,0.00,9.00,0.00,0.00,0.00,33.00,0.00
43154.00,-10.33,-16.12,0.00,0.00,9.00,0.00,0.00,0.00,33.00,0.00
43222.00,-10.33,-16.12,0.00,0.00,9.00,0.00,0.00,0.00,33.00,0.00
43289.00,-10.33,-16.12,0.00,0.00,9.00,0.00,0.00,0.00,33.00,0.00
43357.00,-10.33,-16.12,0.00,0.00,9.00,0.00,0.00,0.00,33.00,0.00
43424.00,-10.33,-16.12,0.00,0.00,9.00,0.00,0.00,0.00,33.00,0.00
43492.00,-10.33,-16.12,0.00,0.00,9.00,0.00,0.00,0.00,33.00,0.00
43559.00,-10.33,-16.12,0.00,0.00,9.00,0.00,0.00,0.00,33.00,0.00
43627.00,-10.33,-16.12,0.00,0.00,9.00,0.00,0.00,0.00,33.00,0.00
43695.00,-10.33,-16.12,0.00,5.00,8.00,0.00,0.00,27.00,31.00,0.00
43763.00,-10.33,-16.12,0.00,5.00,8.00,0.00,0.00,27.00,31.00,0.00
43832.00,-10.33,-16.12,0.00,5.00,8.00,0.00,0.00,27.00,31.00,0.00
43900.00,-10.33,-16.12,0.00,5.00,8.00,0.00,0.00,27.00,31.00,0.00
43969.00,-10.33,-16.12,0.00,5.00,8.00,0.00,0.00,27.00,31.00,0.00
44038.00,-10.33,-16.12,0.00,5.00,8.00,0.00,0.00,27.00,31.00,0.00
44106.00,-10.33,-16.12,0.00,5.00,8.00,0.00,0.00,27.00,31.00,0.00
44175.00,-10.33,-16.62,0.00,5.00,8.00,0.00,0.00,27.00,31.00,0.00
44243.00,-10.33,-16.62,0.00,5.00,8.00,0.00,0.00,27.00,31.00,0.00
44312.00,-10.33,-16.62,0.00,5.00,8.00,0.00,0.00,27.00,31.00,0.00
44382.00,-10.33,-16.62,0.00,7.00,0.00,0.00,0.00,30.00,0.00,0.00
44448.00,-10.33,-16.62,0.00,7.00,0.00,0.00,0.00,30.00,0.00,0.00
44516.00,-10.33,-16.62,0.00,7.00,0.00,0.00,0.00,30.00,0.00,0.00
44583.00,-10.33,-16.62,0.00,7.00,0.00,0.00,0.00,30.00,0.00,0.00
44651.00,-10.33,-16.62,0.00,7.00,0.00,0.00,0.00,30.00,0.00,0.00
44719.00,-10.33,-15.94,0.00,7.00,0.00,0.00,0.00,30.00,0.00,0.00
44786.00,-10.33,-15.94,0.00,7.00,0.00,0.00,0.00,30.00,0.00,0.00
44854.00,-10.33,-15.94,0.00,7.00,0.00,0.00,0.00,30.00,0.00,0.00
44921.00,-10.33,-15.94,0.00,7.00,0.00,0.00,0.00,30.00,0.00,0.00
44989.00,-10.33,-15.94,0.00,7.00,0.00,0.00,0.00,30.00,0.00,0.00
45058.00,-10.33,-16.44,0.00,5.00,11.00,0.00,0.00,27.00,0.00,0.00
45126.00,-10.33,-16.44,0.00,5.00,11.00,0.00,0.00,27.00,0.00,0.00
45195.00,-10.33,-16.44,0.00,5.00,11.00,0.00,0.00,27.00,0.00,0.00
45263.00,-10.33,-16.44,0.00,5.00,11.00,0.00,0.00,27.00,0.00,0.00
45332.00,-10.33,-16.44,0.00,5.00,11.00,0.00,0.00,27.00,0.00,0.00
45401.00,-10.33,-16.44,0.00,5.00,11.00,0.00,0.00,27.00,0.00,0.00
45469.00,-10.33,-16.44,0.00,5.00,11.00,0.00,0.00,27.00,0.00,0.00
45538.00,-10.33,-16.44,0.00,5.00,11.00,0.00,0.00,27.00,0.00,0.00
45606.00,-10.33,-16.44,0.00,5.00,11.00,0.00,0.00,27.00,0.00,0.00
45675.00,-10.33,-16.44,0.00,5.00,11.00,0.00,0.00,27.00,0.00,0.00
45744.00,-10.33,-16.44,0.00,5.00,0.00,0.00,0.00,27.00,0.00,0.00
45811.00,-10.33,-16.44,0.00,5.00,0.00,0.00,0.00,27.00,0.00,0.00
45879.00,-10.33,-16.44,0.00,5.00,0.00,0.00,0.00,27.00,0.00,0.00
45946.00,-10.33,-16.44,0.00,5.00,0.00,0.00,0.00,27.00,0.00,0.00
46014.00,-10.33,-16.44,0.00,5.00,0.00,0.00,0.00,27.00,0.00,0.00
46082.00,-10.33,-16.44,0.00,5.00,0.00,0.00,0.00,27.00,0.00,0.00
46149.00,-10.33,-16.44,0.00,5.00,0.00,0.00,0.00,27.00,0.00,0.00
46217.00,-10.33,-16.44,0.00,5.00,0.00,0.00,0.00,27.00,0.00,0.00
46284.00,-10.33,-16.44,0.00,5.00,0.00,0.00,0.00,27.00,0.00,0.00
46352.00,-10.33,-16.44,0.00,5.00,0.00,0.00,0.00,27.00,0.00,0.00
46419.00,-10.33,-16.44,0.00,9.00,4.00,0.00,0.00,33.00,25.00,0.00
46488.00,-10.33,-16.44,0.00,9.00,4.00,0.00,0.00,33.00,25.00,0.00
46557.00,-10.33,-16.44,0.00,9.00,4.00,0.00,0.00,33.00,25.00,0.00
46625.00,-10.33,-16.44,0.00,9.00,4.00,0.00,0.00,33.00,25.00,0.00
46694.00,-10.33,-16.44,0.00,9.00,4.00,0.00,0.00,33.00,25.00,0.00
46763.00,-10.33,-16.44,0.00,9.00,4.00,0.00,0.00,33.00,25.00,0.00
46831.00,-10.33,-16.44,0.00,9.00,4.00,0.00,0.00,33.00,25.00,0.00
46900.00,-10.33,-16.44,0.00,9.00,4.00,0.00,0.00,33.00,25.00,0.00
46968.00,-10.33,-16.44,0.00,9.00,4.00,0.00,0.00,33.00,25.00,0.00
47037.00,-10.33,-16.44,0.00,9.00,4.00,0.00,0.00,33.00,25.00,0.00
47107.00,-10.33,-16.44,0.00,0.00,8.00,0.00,0.00,0.00,31.00,0.00
47173.00,-10.33,-16.44,0.00,0.00,8.00,0.00,0.00,0.00,31.00,0.00
47241.00,-10.33,-16.44,0.00,0.00,8.00,0.00,0.00,0.00,31.00,0.00
47308.00,-10.33,-16.44,0.00,0.00,8.00,0.00,0.00,0.00,31.00,0.00
47376.00,-10.33,-16.44,0.00,0.00,8.00,0.00,0.00,0.00,31.00,0.00
47443.00,-10.33,-16.44,0.00,0.00,8.00,0.00,0.00,0.00,31.00,0.00
47511.00,-10.33,-16.44,0.00,0.00,8.00,0.00,0.00,0.00,31.00,0.00
47579.00,-10.33,-16.44,0.00,0.00,8.00,0.00,0.00,0.00,31.00,0.00
47646.00,-10.33,-16.44,0.00,0.00,8.00,0.00,0.00,0.00,31.00,0.00
47714.00,-10.33,-16.44,0.00,0.00,8.00,0.00,0.00,0.00,31.00,0.00
47782.00,-10.33,-16.44,0.00,0.00,3.00,0.00,0.00,0.00,24.00,0.00
47849.00,-10.33,-16.44,0.00,0.00,3.00,0.00,0.00,0.00,24.00,0.00
47917.00,-10.33,-16.44,0.00,0.00,3.00,0.00,0.00,0.00,24.00,0.00
47984.00,-10.33,-16.44,0.00,0.00,3.00,0.00,0.00,0.00,24.00,0.00
48052.00,-10.33,-16.44,0.00,0.00,3.00,0.00,0.00,0.00,24.00,0.00
48120.00,-10.33,-16.44,0.00,0.00,3.00,0.00,0.00,0.00,24.00,0.00
48187.00,-10.33,-15.93,0.00,0.00,3.00,0.00,0.00,0.00,24.00,0.00
48256.00,-10.33,-15.93,0.00,0.00,3.00,0.00,0.00,0.00,24.00,0.00
48323.00,-10.33,-15.93,0.00,0.00,3.00,0.00,0.00,0.00,24.00,0.00
48391.00,-10.33,-15.93,0.00,0.00,3.00,0.00,0.00,0.00,24.00,0.00
48458.00,-10.33,-15.93,10.00,0.00,0.00,0.00,30.00,0.00,0.00,0.00
48527.00,-10.33,-15.93,10.00,0.00,0.00,0.00,30.00,0.00,0.00,0.00
48595.00,-10.33,-15.93,10.00,0.00,0.00,0.00,30.00,0.00,0.00,0.00
48664.00,-10.33,-15.93,10.00,0.00,0.00,0.00,30.00,0.00,0.00,0.00
48733.00,-10.33,-16.56,10.00,0.00,0.00,0.00,30.00,0.00,0.00,0.00
48801.00,-10.33,-16.56,10.00,0.00,0.00,0.00,30.00,0.00,0.00,0.00
48870.00,-10.33,-16.56,10.00,0.00,0.00,0.00,30.00,0.00,0.00,0.00
48939.00,-10.33,-16.56,10.00,0.00,0.00,0.00,30.00,0.00,0.00,0.00
49007.00,-10.33,-16.56,10.00,0.00,0.00,0.00,30.00,0.00,0.00,0.00
49076.00,-10.33,-16.56,10.00,0.00,0.00,0.00,30.00,0.00,0.00,0.00
49144.00,-10.33,-16.56,8.00,0.00,5.00,0.00,28.00,0.00,27.00,0.00
49213.00,-10.33,-16.02,8.00,0.00,5.00,0.00,28.00,0.00,27.00,0.00
49282.00,-10.33,-16.02,8.00,0.00,5.00,0.00,28.00,0.00,27.00,0.00
49350.00,-10.33,-16.02,8.00,0.00,5.00,0.00,28.00,0.00,27.00,0.00
49419.00,-10.33,-16.02,8.00,0.00,5.00,0.00,28.00,0.00,27.00,0.00
49487.00,-10.33,-16.02,8.00,0.00,5.00,0.00,28.00,0.00,27.00,0.00
49556.00,-10.33,-16.02,8.00,0.00,5.00,0.00,28.00,0.00,27.00,0.00
49625.00,-10.33,-15.50,8.00,0.00,5.00,0.00,28.00,0.00,27.00,0.00
49693.00,-10.33,-15.50,8.00,0.00,5.00,0.00,28.00,0.00,27.00,0.00
49762.00,-10.33,-15.50,8.00,0.00,5.00,0.00,28.00,0.00,27.00,0.00
49831.00,-10.33,-15.50,0.00,9.00,0.00,0.00,0.00,33.00,0.00,0.00
49898.00,-10.33,-16.14,0.00,9.00,0.00,0.00,0.00,33.00,0.00,0.00
49966.00,-10.33,-16.14,0.00,9.00,0.00,0.00,0.00,33.00,0.00,0.00
50033.00,-10.33,-16.14,0.00,9.00,0.00,0.00,0.00,33.00,0.00,0.00
50101.00,-10.33,-16.14,0.00,9.00,0.00,0.00,0.00,33.00,0.00,0.00
50168.00,-10.33,-16.14,0.00,9.00,0.00,0.00,0.00,33.00,0.00,0.00
50236.00,-10.33,-16.14,0.00,9.00,0.00,0.00,0.00,33.00,0.00,0.00
50304.00,-10.33,-16.14,0.00,9.00,0.00,0.00,0.00,33.00,0.00,0.00
50371.00,-10.33,-16.14,0.00,9.00,0.00,0.00,0.00,33.00,0.00,0.00
50439.00,-10.33,-16.14,0.00,9.00,0.00,0.00,0.00,33.00,0.00,0.00
50507.00,-10.33,-16.14,0.00,7.00,1.00,0.00,0.00,30.00,21.00,0.00
50575.00,-10.33,-16.14,0.00,7.00,1.00,0.00,0.00,30.00,21.00,0.00
50643.00,-10.33,-16.14,0.00,7.00,1.00,0.00,0.00,30.00,21.00,0.00
50712.00,-10.33,-16.14,0.00,7.00,1.00,0.00,0.00,30.00,21.00,0.00
50781.00,-10.33,-16.14,0.00,7.00,1.00,0.00,0.00,30.00,21.00,0.00
50850.00,-10.33,-16.14,0.00,7.00,1.00,0.00,0.00,30.00,21.00,0.00
50919.00,-10.33,-16.14,0.00,7.00,1.00,0.00,0.00,30.00,21.00,0.00
50988.00,-10.33,-16.14,0.00,7.00,1.00,0.00,0.00,30.00,21.00,0.00
51056.00,-10.33,-16.14,0.00,7.00,1.00,0.00,0.00,30.00,21.00,0.00
51125.00,-10.33,-16.14,0.00,7.00,1.00,0.00,0.00,30.00,21.00,0.00
51193.00,-10.33,-16.14,0.00,3.00,0.00,5.00,0.00,23.00,0.00,24.00
51262.00,-10.33,-16.14,0.00,3.00,0.00,5.00,0.00,23.00,0.00,24.00
51331.00,-10.33,-16.14,0.00,3.00,0.00,5.00,0.00,23.00,0.00,24.00
51399.00,-10.33,-16.14,0.00,3.00,0.00,5.00,0.00,23.00,0.00,24.00
51468.00,-10.33,-16.14,0.00,3.00,0.00,5.00,0.00,23.00,0.00,24.00
51536.00,-10.33,-16.14,0.00,3.00,0.00,5.00,0.00,23.00,0.00,24.00
51605.00,-10.33,-16.14,0.00,3.00,0.00,5.00,0.00,23.00,0.00,24.00
51674.00,-10.33,-16.14,0.00,3.00,0.00,5.00,0.00,23.00,0.00,24.00
51742.00,-10.33,-16.14,0.00,3.00,0.00,5.00,0.00,23.00,0.00,24.00
51811.00,-10.33,-16.14,0.00,3.00,0.00,5.00,0.00,23.00,0.00,24.00
51879.00,-10.33,-16.14,1.00,0.00,0.00,0.00,20.00,0.00,0.00,0.00
51947.00,-10.33,-16.14,1.00,0.00,0.00,0.00,20.00,0.00,0.00,0.00
52015.00,-10.33,-16.14,1.00,0.00,0.00,0.00,20.00,0.00,0.00,0.00
52082.00,-10.33,-16.14,1.00,0.00,0.00,0.00,20.00,0.00,0.00,0.00
52150.00,-10.33,-16.14,1.00,0.00,0.00,0.00,20.00,0.00,0.00,0.00
52217.00,-10.33,-16.14,1.00,0.00,0.00,0.00,20.00,0.00,0.00,0.00
52285.00,-10.33,-16.14,1.00,0.00,0.00,0.00,20.00,0.00,0.00,0.00
52353.00,-10.33,-16.14,1.00,0.00,0.00,0.00,20.00,0.00,0.00,0.00
52420.00,-10.33,-16.14,1.00,0.00,0.00,0.00,20.00,0.00,0.00,0.00
52488.00,-10.33,-16.14,1.00,0.00,0.00,0.00,20.00,0.00,0.00,0.00
52556.00,-10.33,-16.14,8.00,0.00,2.00,0.00,28.00,0.00,22.00,0.00
52624.00,-10.33,-16.14,8.00,0.00,2.00,0.00,28.00,0.00,22.00,0.00
52692.00,-10.33,-16.14,8.00,0.00,2.00,0.00,28.00,0.00,22.00,0.00
52761.00,-10.33,-16.14,8.00,0.00,2.00,0.00,28.00,0.00,22.00,0.00
52830.00,-10.33,-16.14,8.00,0.00,2.00,0.00,28.00,0.00,22.00,0.00
52898.00,-10.33,-16.14,8.00,0.00,2.00,0.00,28.00,0.00,22.00,0.00
52967.00,-10.33,-16.14,8.00,0.00,2.00,0.00,28.00,0.00,22.00,0.00
53036.00,-10.33,-16.14,8.00,0.00,2.00,0.00,28.00,0.00,22.00,0.00
53104.00,-10.33,-16.14,8.00,0.00,2.00,0.00,28.00,0.00,22.00,0.00
53173.00,-10.33,-16.14,8.00,0.00,2.00,0.00,28.00,0.00,22.00,0.00
53242.00,-10.33,-16.14,4.00,0.00,0.00,9.00,23.00,0.00,0.00,29.00
53310.00,-10.33,-16.81,4.00,0.00,0.00,9.00,23.00,0.00,0.00,29.00
53380.00,-10.33,-16.81,4.00,0.00,0.00,9.00,23.00,0.00,0.00,29.00
53448.00,-10.33,-16.81,4.00,0.00,0.00,9.00,23.00,0.00,0.00,29.00
53517.00,-10.33,-16.81,4.00,0.00,0.00,9.00,23.00,0.00,0.00,29.00
53585.00,-10.33,-16.27,4.00,0.00,0.00,9.00,23.00,0.00,0.00,29.00
53654.00,-10.33,-16.27,4.00,0.00,0.00,9.00,23.00,0.00,0.00,29.00
53723.00,-10.33,-16.27,4.00,0.00,0.00,9.00,23.00,0.00,0.00,29.00
53791.00,-10.33,-16.27,4.00,0.00,0.00,9.00,23.00,0.00,0.00,29.00
53860.00,-10.33,-16.27,4.00,0.00,0.00,9.00,23.00,0.00,0.00,29.00
53928.00,-10.33,-16.27,7.00,0.00,8.00,0.00,27.00,0.00,31.00,0.00
53997.00,-10.33,-16.27,7.00,0.00,8.00,0.00,27.00,0.00,31.00,0.00
54066.00,-10.33,-16.27,7.00,0.00,8.00,0.00,27.00,0.00,31.00,0.00
54134.00,-10.33,-16.27,7.00,0.00,8.00,0.00,27.00,0.00,31.00,0.00
54203.00,-10.33,-16.27,7.00,0.00,8.00,0.00,27.00,0.00,31.00,0.00
54272.00,-10.33,-15.76,7.00,0.00,8.00,0.00,27.00,0.00,31.00,0.00
54340.00,-10.33,-15.76,7.00,0.00,8.00,0.00,27.00,0.00,31.00,0.00
54409.00,-10.33,-15.76,7.00,0.00,8.00,0.00,27.00,0.00,31.00,0.00
54477.00,-10.33,-15.76,7.00,0.00,8.00,0.00,27.00,0.00,31.00,0.00
54546.00,-10.33,-15.76,7.00,0.00,8.00,0.00,27.00,0.00,31.00,0.00
54616.00,-10.33,-16.90,8.00,0.00,11.00,0.00,28.00,0.00,0.00,0.00
54683.00,-10.33,-16.90,8.00,0.00,11.00,0.00,28.00,0.00,0.00,0.00
54752.00,-10.33,-16.90,8.00,0.00,11.00,0.00,28.00,0.00,0.00,0.00
54820.00,-10.33,-16.35,8.00,0.00,11.00,0.00,28.00,0.00,0.00,0.00
54889.00,-10.33,-16.35,8.00,0.00,11.00,0.00,28.00,0.00,0.00,0.00
54958.00,-10.33,-16.35,8.00,0.00,11.00,0.00,28.00,0.00,0.00,0.00
55026.00,-10.33,-16.35,8.00,0.00,11.00,0.00,28.00,0.00,0.00,0.00
55095.00,-10.33,-16.35,8.00,0.00,11.00,0.00,28.00,0.00,0.00,0.00
55163.00,-10.33,-16.35,8.00,0.00,11.00,0.00,28.00,0.00,0.00,0.00
55232.00,-10.33,-16.35,8.00,0.00,11.00,0.00,28.00,0.00,0.00,0.00
55302.00,-10.33,-16.35,7.00,0.00,0.00,0.00,27.00,0.00,0.00,0.00
55368.00,-10.33,-16.35,7.00,0.00,0.00,0.00,27.00,0.00,0.00,0.00
55436.00,-10.33,-16.35,7.00,0.00,0.00,0.00,27.00,0.00,0.00,0.00
55503.00,-10.33,-16.35,7.00,0.00,0.00,0.00,27.00,0.00,0.00,0.00
