time,theta_x,theta_y,pwm_px,pwm_nx,pwm_py,pwm_ny,pwm_px_raw,pwm_nx_raw,pwm_py_raw,pwm_ny_raw
1471.00,-25.00,-8.94,0.00,5.00,2.00,0.00,0.00,43.00,34.00,0.00
1587.00,-25.00,-8.94,0.00,5.00,2.00,0.00,0.00,43.00,34.00,0.00
1653.00,-25.91,-8.94,0.00,5.00,2.00,0.00,0.00,43.00,34.00,0.00
1720.00,-26.61,-8.94,0.00,5.00,2.00,0.00,0.00,43.00,34.00,0.00
1786.00,-26.61,-8.30,0.00,5.00,2.00,0.00,0.00,43.00,34.00,0.00
1853.00,-27.36,-8.30,0.00,5.00,2.00,0.00,0.00,43.00,34.00,0.00
1920.00,-27.36,-8.30,0.00,5.00,2.00,0.00,0.00,43.00,34.00,0.00
1986.00,-28.29,-7.70,0.00,5.00,2.00,0.00,0.00,43.00,34.00,0.00
2053.00,-28.29,-7.70,0.00,5.00,2.00,0.00,0.00,43.00,34.00,0.00
2119.00,-29.01,-6.88,0.00,5.00,2.00,0.00,0.00,43.00,34.00,0.00
2187.00,-29.01,-6.88,2.00,0.00,0.00,0.00,29.00,0.00,0.00,0.00
2251.00,-29.64,-6.24,2.00,0.00,0.00,0.00,29.00,0.00,0.00,0.00
2317.00,-30.45,-6.24,2.00,0.00,0.00,0.00,29.00,0.00,0.00,0.00
2382.00,-30.98,-6.24,2.00,0.00,0.00,0.00,29.00,0.00,0.00,0.00
2448.00,-30.30,-6.24,2.00,0.00,0.00,0.00,29.00,0.00,0.00,0.00
2513.00,-28.61,-6.24,2.00,0.00,0.00,0.00,29.00,0.00,0.00,0.00
2579.00,-27.02,-6.24,2.00,0.00,0.00,0.00,29.00,0.00,0.00,0.00
2644.00,-27.02,-6.24,2.00,0.00,0.00,0.00,29.00,0.00,0.00,0.00
2710.00,-27.94,-6.24,2.00,0.00,0.00,0.00,29.00,0.00,0.00,0.00
2776.00,-27.94,-6.24,2.00,0.00,0.00,0.00,29.00,0.00,0.00,0.00
2842.00,-27.94,-6.24,0.00,0.00,0.00,0.00,0.00,0.00,0.00,0.00
2906.00,-27.94,-6.24,0.00,0.00,0.00,0.00,0.00,0.00,0.00,0.00
2970.00,-27.94,-6.24,0.00,0.00,0.00,0.00,0.00,0.00,0.00,0.00
3035.00,-26.96,-6.24,0.00,0.00,0.00,0.00,0.00,0.00,0.00,0.00
3099.00,-26.96,-6.24,0.00,0.00,0.00,0.00,0.00,0.00,0.00,0.00
3164.00,-26.96,-6.24,0.00,0.00,0.00,0.00,0.00,0.00,0.00,0.00
3228.00,-26.96,-6.24,0.00,0.00,0.00,0.00,0.00,0.00,0.00,0.00
3293.00,-26.96,-6.24,0.00,0.00,0.00,0.00,0.00,0.00,0.00,0.00
3357.00,-26.96,-6.24,0.00,0.00,0.00,0.00,0.00,0.00,0.00,0.00
3422.00,-26.96,-6.81,0.00,0.00,0.00,0.00,0.00,0.00,0.00,0.00
3486.00,-26.96,-6.81,4.00,0.00,0.00,1.00,35.00,0.00,0.00,27.00
3553.00,-26.96,-6.81,4.00,0.00,0.00,1.00,35.00,0.00,0.00,27.00
3619.00,-26.96,-6.81,4.00,0.00,0.00,1.00,35.00,0.00,0.00,27.00
3686.00,-26.96,-6.81,4.00,0.00,0.00,1.00,35.00,0.00,0.00,27.00
3752.00,-26.96,-6.81,4.00,0.00,0.00,1.00,35.00,0.00,0.00,27.00
3819.00,-26.96,-6.81,4.00,0.00,0.00,1.00,35.00,0.00,0.00,27.00
3886.00,-26.96,-7.62,4.00,0.00,0.00,1.00,35.00,0.00,0.00,27.00
3952.00,-26.96,-7.62,4.00,0.00,0.00,1.00,35.00,0.00,0.00,27.00
4019.00,-26.96,-6.86,4.00,0.00,0.00,1.00,35.00,0.00,0.00,27.00
4085.00,-26.35,-6.86,4.00,0.00,0.00,1.00,35.00,0.00,0.00,27.00
4152.00,-26.35,-6.86,0.00,9.00,5.00,0.00,0.00,54.00,43.00,0.00
4218.00,-26.35,-6.86,0.00,9.00,5.00,0.00,0.00,54.00,43.00,0.00
4285.00,-26.93,-6.86,0.00,9.00,5.00,0.00,0.00,54.00,43.00,0.00
4352.00,-27.83,-6.21,0.00,9.00,5.00,0.00,0.00,54.00,43.00,0.00
4418.00,-28.84,-5.37,0.00,9.00,5.00,0.00,0.00,54.00,43.00,0.00
4485.00,-28.84,-5.37,0.00,9.00,5.00,0.00,0.00,54.00,43.00,0.00
4551.00,-28.84,-5.37,0.00,9.00,5.00,0.00,0.00,54.00,43.00,0.00
4618.00,-30.00,-4.57,0.00,9.00,5.00,0.00,0.00,54.00,43.00,0.00
4684.00,-31.38,-4.57,0.00,9.00,5.00,0.00,0.00,54.00,43.00,0.00
4751.00,-32.61,-4.57,0.00,9.00,5.00,0.00,0.00,54.00,43.00,0.00
4817.00,-33.84,-5.18,0.00,8.00,0.00,6.00,0.00,51.00,0.00,39.00
4884.00,-35.78,-5.18,0.00,8.00,0.00,6.00,0.00,51.00,0.00,39.00
4951.00,-37.91,-4.00,0.00,8.00,0.00,6.00,0.00,51.00,0.00,39.00
5017.00,-39.29,-4.00,0.00,8.00,0.00,6.00,0.00,51.00,0.00,39.00
5084.00,-40.91,-4.00,0.00,8.00,0.00,6.00,0.00,51.00,0.00,39.00
5150.00,-43.76,-4.85,0.00,8.00,0.00,6.00,0.00,51.00,0.00,39.00
5217.00,-47.08,-5.46,0.00,8.00,0.00,6.00,0.00,51.00,0.00,39.00
5283.00,-49.77,-6.09,0.00,8.00,0.00,6.00,0.00,51.00,0.00,39.00
5350.00,-52.16,-6.09,0.00,8.00,0.00,6.00,0.00,51.00,0.00,39.00
5416.00,-55.90,-6.93,0.00,8.00,0.00,6.00,0.00,51.00,0.00,39.00
5483.00,-60.62,-7.88,7.00,0.00,8.00,0.00,43.00,0.00,51.00,0.00
5550.00,-63.63,-8.81,7.00,0.00,8.00,0.00,43.00,0.00,51.00,0.00
5616.00,-63.63,-8.81,7.00,0.00,8.00,0.00,43.00,0.00,51.00,0.00
5683.00,-63.63,-8.10,7.00,0.00,8.00,0.00,43.00,0.00,51.00,0.00
5749.00,-63.63,-8.10,7.00,0.00,8.00,0.00,43.00,0.00,51.00,0.00
5816.00,-62.99,-8.10,7.00,0.00,8.00,0.00,43.00,0.00,51.00,0.00
5882.00,-62.99,-8.10,7.00,0.00,8.00,0.00,43.00,0.00,51.00,0.00
5949.00,-62.37,-8.10,7.00,0.00,8.00,0.00,43.00,0.00,51.00,0.00
6016.00,-62.37,-8.10,7.00,0.00,8.00,0.00,43.00,0.00,51.00,0.00
6082.00,-62.37,-8.10,7.00,0.00,8.00,0.00,43.00,0.00,51.00,0.00
6149.00,-61.60,-8.10,0.00,3.00,0.00,1.00,0.00,38.00,0.00,27.00
6215.00,-61.60,-8.10,0.00,3.00,0.00,1.00,0.00,38.00,0.00,27.00
6282.00,-61.60,-8.10,0.00,3.00,0.00,1.00,0.00,38.00,0.00,27.00
6348.00,-62.22,-8.92,0.00,3.00,0.00,1.00,0.00,38.00,0.00,27.00
6415.00,-63.14,-8.92,0.00,3.00,0.00,1.00,0.00,38.00,0.00,27.00
6481.00,-64.74,-9.91,0.00,3.00,0.00,1.00,0.00,38.00,0.00,27.00
6548.00,-66.76,-10.56,0.00,3.00,0.00,1.00,0.00,38.00,0.00,27.00
6616.00,-68.86,-10.56,0.00,3.00,0.00,1.00,0.00,38.00,0.00,27.00
6683.00,-71.21,-10.56,0.00,3.00,0.00,1.00,0.00,38.00,0.00,27.00
6751.00,-74.34,-11.60,0.00,3.00,0.00,1.00,0.00,38.00,0.00,27.00
6818.00,-77.62,-12.67,1.00,0.00,0.00,0.00,26.00,0.00,0.00,0.00
6885.00,-79.69,-13.33,1.00,0.00,0.00,0.00,26.00,0.00,0.00,0.00
6951.00,-80.24,-13.33,1.00,0.00,0.00,0.00,26.00,0.00,0.00,0.00
7018.00,-79.62,-12.74,1.00,0.00,0.00,0.00,26.00,0.00,0.00,0.00
7085.00,-78.79,-12.74,1.00,0.00,0.00,0.00,26.00,0.00,0.00,0.00
7151.00,-78.79,-13.56,1.00,0.00,0.00,0.00,26.00,0.00,0.00,0.00
7218.00,-78.24,-13.56,1.00,0.00,0.00,0.00,26.00,0.00,0.00,0.00
7284.00,-78.24,-13.56,1.00,0.00,0.00,0.00,26.00,0.00,0.00,0.00
7351.00,-77.18,-13.56,1.00,0.00,0.00,0.00,26.00,0.00,0.00,0.00
7417.00,-74.90,-13.56,1.00,0.00,0.00,0.00,26.00,0.00,0.00,0.00
7484.00,-73.03,-13.56,7.00,0.00,0.00,6.00,43.00,0.00,0.00,39.00
7552.00,-73.03,-12.79,7.00,0.00,0.00,6.00,43.00,0.00,0.00,39.00
7619.00,-73.03,-12.79,7.00,0.00,0.00,6.00,43.00,0.00,0.00,39.00
7687.00,-73.03,-12.79,7.00,0.00,0.00,6.00,43.00,0.00,0.00,39.00
7754.00,-73.03,-13.63,7.00,0.00,0.00,6.00,43.00,0.00,0.00,39.00
7822.00,-72.26,-13.63,7.00,0.00,0.00,6.00,43.00,0.00,0.00,39.00
7889.00,-72.26,-13.63,7.00,0.00,0.00,6.00,43.00,0.00,0.00,39.00
7957.00,-71.45,-13.63,7.00,0.00,0.00,6.00,43.00,0.00,0.00,39.00
8025.00,-70.81,-13.63,7.00,0.00,0.00,6.00,43.00,0.00,0.00,39.00
8092.00,-70.81,-12.87,7.00,0.00,0.00,6.00,43.00,0.00,0.00,39.00
8161.00,-70.04,-12.87,0.00,4.00,4.00,0.00,0.00,40.00,40.00,0.00
8227.00,-70.04,-12.87,0.00,4.00,4.00,0.00,0.00,40.00,40.00,0.00
8295.00,-70.04,-12.87,0.00,4.00,4.00,0.00,0.00,40.00,40.00,0.00
8363.00,-71.52,-12.87,0.00,4.00,4.00,0.00,0.00,40.00,40.00,0.00
8430.00,-72.60,-11.83,0.00,4.00,4.00,0.00,0.00,40.00,40.00,0.00
8498.00,-73.23,-10.93,0.00,4.00,4.00,0.00,0.00,40.00,40.00,0.00
8565.00,-74.38,-10.93,0.00,4.00,4.00,0.00,0.00,40.00,40.00,0.00
8633.00,-75.87,-9.76,0.00,4.00,4.00,0.00,0.00,40.00,40.00,0.00
8699.00,-77.14,-8.87,0.00,4.00,4.00,0.00,0.00,40.00,40.00,0.00
8766.00,-78.94,-8.87,0.00,4.00,4.00,0.00,0.00,40.00,40.00,0.00
8834.00,-81.78,-7.74,8.00,0.00,0.00,0.00,46.00,0.00,0.00,0.00
8898.00,-85.20,-6.35,8.00,0.00,0.00,0.00,46.00,0.00,0.00,0.00
8964.00,-87.09,-5.79,8.00,0.00,0.00,0.00,46.00,0.00,0.00,0.00
9029.00,-85.83,-6.44,8.00,0.00,0.00,0.00,46.00,0.00,0.00,0.00
9095.00,-83.24,-7.14,8.00,0.00,0.00,0.00,46.00,0.00,0.00,0.00
9160.00,-81.41,-7.14,8.00,0.00,0.00,0.00,46.00,0.00,0.00,0.00
9226.00,-81.41,-6.45,8.00,0.00,0.00,0.00,46.00,0.00,0.00,0.00
9291.00,-81.41,-6.45,8.00,0.00,0.00,0.00,46.00,0.00,0.00,0.00
9357.00,-81.41,-6.45,8.00,0.00,0.00,0.00,46.00,0.00,0.00,0.00
9422.00,-80.64,-6.45,8.00,0.00,0.00,0.00,46.00,0.00,0.00,0.00
9489.00,-80.64,-6.45,0.00,0.00,9.00,0.00,0.00,0.00,54.00,0.00
9553.00,-78.91,-6.99,0.00,0.00,9.00,0.00,0.00,0.00,54.00,0.00
9619.00,-77.28,-6.99,0.00,0.00,9.00,0.00,0.00,0.00,54.00,0.00
9684.00,-77.28,-5.26,0.00,0.00,9.00,0.00,0.00,0.00,54.00,0.00
9750.00,-77.28,-2.48,0.00,0.00,9.00,0.00,0.00,0.00,54.00,0.00
9816.00,-77.28,-0.18,0.00,0.00,9.00,0.00,0.00,0.00,54.00,0.00
9881.00,-78.52,2.51,0.00,0.00,9.00,0.00,0.00,0.00,54.00,0.00
9946.00,-79.25,6.49,0.00,0.00,9.00,0.00,0.00,0.00,54.00,0.00
10010.00,-80.13,11.43,0.00,0.00,9.00,0.00,0.00,0.00,54.00,0.00
10077.00,-81.30,17.06,0.00,0.00,9.00,0.00,0.00,0.00,54.00,0.00
10143.00,-82.42,23.16,0.00,0.00,0.00,0.00,0.00,0.00,0.00,0.00
10209.00,-83.58,28.66,0.00,0.00,0.00,0.00,0.00,0.00,0.00,0.00
10274.00,-84.31,31.63,0.00,0.00,0.00,0.00,0.00,0.00,0.00,0.00
10340.00,-84.31,31.63,0.00,0.00,0.00,0.00,0.00,0.00,0.00,0.00
10405.00,-84.31,30.87,0.00,0.00,0.00,0.00,0.00,0.00,0.00,0.00
10471.00,-83.63,30.87,0.00,0.00,0.00,0.00,0.00,0.00,0.00,0.00
10536.00,-83.02,30.87,0.00,0.00,0.00,0.00,0.00,0.00,0.00,0.00
10602.00,-83.02,30.22,0.00,0.00,0.00,0.00,0.00,0.00,0.00,0.00
10668.00,-82.44,30.22,0.00,0.00,0.00,0.00,0.00,0.00,0.00,0.00
10733.00,-81.81,30.22,0.00,0.00,0.00,0.00,0.00,0.00,0.00,0.00
10799.00,-81.81,29.50,0.00,7.00,0.00,0.00,0.00,49.00,0.00,0.00
10865.00,-81.81,28.90,0.00,7.00,0.00,0.00,0.00,49.00,0.00,0.00
10932.00,-81.81,28.90,0.00,7.00,0.00,0.00,0.00,49.00,0.00,0.00
10998.00,-82.92,28.90,0.00,7.00,0.00,0.00,0.00,49.00,0.00,0.00
11065.00,-84.42,28.06,0.00,7.00,0.00,0.00,0.00,49.00,0.00,0.00
11131.00,-86.09,28.06,0.00,7.00,0.00,0.00,0.00,49.00,0.00,0.00
11198.00,-88.49,28.06,0.00,7.00,0.00,0.00,0.00,49.00,0.00,0.00
11265.00,-91.31,28.06,0.00,7.00,0.00,0.00,0.00,49.00,0.00,0.00
11331.00,-94.57,28.06,0.00,7.00,0.00,0.00,0.00,49.00,0.00,0.00
11398.00,-98.68,28.06,0.00,7.00,0.00,0.00,0.00,49.00,0.00,0.00
11464.00,-103.11,28.06,0.00,0.00,0.00,0.00,0.00,0.00,0.00,0.00
11531.00,-106.87,28.06,0.00,0.00,0.00,0.00,0.00,0.00,0.00,0.00
11597.00,-108.65,28.06,0.00,0.00,0.00,0.00,0.00,0.00,0.00,0.00
11664.00,-108.65,28.06,0.00,0.00,0.00,0.00,0.00,0.00,0.00,0.00
11730.00,-107.83,28.06,0.00,0.00,0.00,0.00,0.00,0.00,0.00,0.00
11797.00,-107.83,27.12,0.00,0.00,0.00,0.00,0.00,0.00,0.00,0.00
11864.00,-107.00,27.12,0.00,0.00,0.00,0.00,0.00,0.00,0.00,0.00
11930.00,-107.00,26.55,0.00,0.00,0.00,0.00,0.00,0.00,0.00,0.00
11997.00,-106.30,26.55,0.00,0.00,0.00,0.00,0.00,0.00,0.00,0.00
12063.00,-106.30,25.75,0.00,0.00,0.00,0.00,0.00,0.00,0.00,0.00
12130.00,-105.67,25.75,0.00,1.00,9.00,0.00,0.00,32.00,54.00,0.00
12198.00,-105.67,25.75,0.00,1.00,9.00,0.00,0.00,32.00,54.00,0.00
12267.00,-105.67,25.75,0.00,1.00,9.00,0.00,0.00,32.00,54.00,0.00
12336.00,-106.50,25.75,0.00,1.00,9.00,0.00,0.00,32.00,54.00,0.00
12404.00,-107.17,28.18,0.00,1.00,9.00,0.00,0.00,32.00,54.00,0.00
12473.00,-108.09,30.85,0.00,1.00,9.00,0.00,0.00,32.00,54.00,0.00
12541.00,-109.54,33.33,0.00,1.00,9.00,0.00,0.00,32.00,54.00,0.00
12610.00,-111.26,36.57,0.00,1.00,9.00,0.00,0.00,32.00,54.00,0.00
